9.53674e-07
0.0454681
0.13331
0.133427
0.133191
0.166828
0.133117
0.133484
0.133328
0.133238
0.133378
0.166691
0.133323
0.133493
0.166394
0.100192
0.166621
0.133368
0.133168
0.13355
0.166628
0.133225
0.133481
0.133096
0.133461
0.166734
0.13325
0.133335
0.133413
0.133355
0.16661
0.132994
0.133327
0.133675
0.166975
0.133024
0.133254
0.133437
0.133299
0.166321
0.133503
0.133462
0.133152
0.166495
0.134032
0.133078
0.133274
0.133373
0.166641
0.0999591
0.166859
0.13317
0.133353
0.166634
0.133396
0.133245
0.133457
0.133224
0.133365
0.166438
0.133118
0.133325
0.133668
0.133537
0.166535
0.133502
0.133109
0.133392
0.166787
0.133201
0.133255
0.133495
0.133278
0.16674
0.133437
0.133386
0.133018
0.166748
0.133328
0.133487
0.133411
0.133276
0.166638
0.133137
0.133404
0.133468
0.133305
0.166565
0.133404
0.13329
0.13329
0.166759
0.13359
0.13302
0.13324
0.133479
0.166497
0.100112
0.166784
0.133382
0.133335
0.133145
0.166907
0.133057
0.133543
0.166735
0.0999475
0.166652
0.13318
0.133538
0.133176
0.133266
0.16694
0.13311
0.133621
0.133133
0.166584
0.133452
0.133297
0.133156
0.133598
0.16662
0.133271
0.133233
0.133315
0.133319
0.166679
0.133488
0.133195
0.133539
0.166423
0.133523
0.133226
0.133291
0.133302
0.166822
0.133301
0.133449
0.133089
0.166807
0.133287
0.133418
0.133269
0.16662
0.133509
0.0998256
0.166611
0.133477
0.133337
0.133131
0.166788
0.133261
0.133523
0.133309
0.133187
0.166839
0.133399
0.133192
0.133278
0.133483
0.166581
0.133348
0.133248
0.133302
0.166941
0.133231
0.133188
0.133467
0.13325
0.166723
0.133162
0.133394
0.133545
0.133143
0.166684
0.133291
0.133383
0.133558
0.166307
0.100105
0.166627
0.133403
0.13331
0.133286
0.166826
0.133152
0.133366
0.133433
0.133145
0.16696
0.13311
0.133295
0.133484
0.133479
0.166483
0.133345
0.133284
0.133344
0.166592
0.133375
0.133376
0.133197
0.133543
0.166647
0.133378
0.133276
0.133222
0.133419
0.166625
0.133364
0.133266
0.133246
0.166826
0.100011
0.166678
0.133352
0.133174
0.133464
0.166632
0.133276
0.133306
0.166954
0.0998299
0.166617
0.133312
0.133467
0.133378
0.166622
0.133138
0.133555
0.133198
0.133235
0.166759
0.133295
0.133447
0.13327
0.133395
0.166564
0.133341
0.133358
0.133401
0.133182
0.166645
0.133363
0.133335
0.13338
0.166727
0.133229
0.133489
0.13327
0.133319
0.166667
0.133156
0.133554
0.133355
0.133095
0.166734
0.133331
0.133485
0.133347
0.166664
0.100089
0.166457
0.133343
