9.53674e-07
0.112262
0.133277
0.133599
0.133372
0.133022
0.166753
0.133417
0.133329
0.13335
0.133286
0.166852
0.133281
0.133275
0.1332
0.133379
0.166663
0.133277
0.133421
0.133309
0.133423
0.166696
0.133281
0.133367
0.133231
0.133272
0.166766
0.133358
0.133523
0.133074
0.133553
0.166569
0.133271
0.133324
0.133251
0.166818
0.133134
0.133469
0.13335
0.133324
0.166631
0.13334
0.133324
0.133283
0.133644
0.133022
0.16674
0.13336
0.133366
0.166512
0.100076
0.166618
0.133414
0.133343
0.13323
0.166704
0.133339
0.133415
0.133336
0.133223
0.166715
0.133336
0.1333
0.133404
0.13333
0.166668
0.133163
0.133543
0.133202
0.166824
0.133354
0.133369
0.133327
0.133121
0.166691
0.133425
0.133337
0.133403
0.133255
0.133204
0.166742
0.133192
0.133593
0.133257
0.133321
0.166731
0.133207
0.133257
0.133409
0.166929
0.133084
0.133293
0.133545
0.133172
0.166682
0.133451
0.133215
0.13323
0.133516
0.166597
0.133244
0.133368
0.13334
0.166675
0.100018
0.166788
0.133349
0.133315
0.166509
0.0999997
0.166868
0.133155
0.166775
0.100015
0.166544
0.133465
0.133241
0.133469
0.133411
0.166325
0.133464
0.13331
0.133305
0.166764
0.133379
0.133417
0.133133
0.166589
0.133437
0.133334
0.133421
0.13315
0.133574
0.166611
0.133314
0.133297
0.13328
0.166659
0.100131
0.166634
0.13332
0.133231
0.133375
0.133319
0.166731
0.133411
0.133187
0.133435
0.16657
0.133299
0.133539
0.133317
0.133169
0.166698
0.133368
0.133361
0.133385
0.16651
0.133274
0.133611
0.13317
0.166553
0.133337
0.133381
0.133333
0.133338
0.133361
0.133244
0.166728
0.13325
0.133539
0.133278
0.133404
0.166642
0.133213
0.13333
0.133312
0.133314
0.16668
0.133659
0.133092
0.133364
0.166689
0.133171
0.133472
0.133374
0.133208
0.166662
0.133398
0.133338
0.133351
0.166604
0.0999649
0.166743
0.133409
0.133266
0.133372
0.133295
0.166698
0.133314
0.1333
0.133334
0.16657
0.133684
0.133075
0.133288
0.133452
0.166588
0.133345
0.133303
0.133439
0.133164
0.166856
0.13329
0.133327
0.133329
0.166561
0.0999835
0.166874
0.133152
0.133371
0.133327
0.166662
0.133502
0.133157
0.166831
0.0999291
0.166615
0.133268
0.133549
0.133324
0.133234
0.166785
0.133145
0.133331
0.133346
0.166699
