-0.227658 -0.0733337
-0.227519 -0.0749481
-0.229755 -0.0753852
-0.229118 -0.0743133
-0.220187 -0.0696211
-0.200508 -0.0589915
-0.16969 -0.0420798
-0.128218 -0.0216894
-0.0780703 -0.00121487
-0.023287 0.0191573
0.0305598 0.0410347
0.0811739 0.0646937
0.129693 0.0891266
0.172527 0.112314
0.202904 0.130832
0.221901 0.142848
0.235233 0.15102
0.241115 0.158787
0.232588 0.163834
0.208519 0.159681
0.17386 0.145161
0.137041 0.12679
0.106107 0.109395
0.0816255 0.0912004
0.0561975 0.0694615
0.0239528 0.0452199
-0.0118011 0.0217276
-0.0411874 0.0028751
-0.0597434 -0.00928183
-0.0717968 -0.0177177
-0.081096 -0.0273299
-0.0872463 -0.0383635
-0.0911288 -0.0466904
-0.0938127 -0.0500456
-0.0945017 -0.0502215
-0.0931783 -0.0495453
-0.0876766 -0.0474323
-0.0736741 -0.042528
-0.050411 -0.0357629
-0.0234684 -0.0289287
0.000545745 -0.0219746
0.0172675 -0.0147746
0.026725 -0.00842705
0.0349467 -0.000882486
0.0482864 0.0128852
0.0652825 0.0331494
0.0794988 0.0532848
0.0897906 0.0668952
0.102048 0.0726332
0.116041 0.0747366
0.11609 0.0796922
0.0934903 0.0856825
0.0649164 0.079552
0.0439931 0.053034
0.0177016 0.0151053
-0.024583 -0.0185546
-0.0706814 -0.0402905
-0.108318 -0.0517967
-0.138336 -0.0579425
-0.160455 -0.0626277
-0.164957 -0.0676944
-0.144694 -0.0719704
-0.106202 -0.0719306
-0.067149 -0.0666431
-0.0415327 -0.0595811
-0.0246746 -0.0529407
0.00642274 -0.0455559
0.0603171 -0.0352515
0.109176 -0.0218645
0.119247 -0.00718748
0.0923029 0.00694355
0.0569556 0.0198433
0.0356617 0.030301
0.0340312 0.0364045
0.0459047 0.0370393
0.0540515 0.0316454
0.0432066 0.0219635
0.0235237 0.0126869
0.0154826 0.00794403
0.01594 0.00752471
0.0082291 0.00787825
-0.00567884 0.00680302
-0.0109101 0.00570021
-0.00739765 0.00513188
-0.0127846 0.00169947
-0.0391412 -0.00594456
-0.0780262 -0.0134196
-0.110637 -0.016488
-0.123966 -0.0160512
-0.115263 -0.0152717
-0.088933 -0.0152907
-0.0531613 -0.0140708
-0.0190552 -0.00907719
0.00373237 -0.0012651
0.0129714 0.00585218
0.0150725 0.0103609
0.0206185 0.0128041
0.0388973 0.0154115
0.0686323 0.0208678
0.0948223 0.0281718
0.104334 0.031828
0.100342 0.0280937
0.0920542 0.019607
0.0823054 0.0135847
0.0693984 0.0148552
0.0511058 0.0203167
0.026495 0.0225257
0.000399994 0.0173744
-0.0162475 0.00813385
-0.0151599 0.00193567
-0.00193148 0.00115288
0.00520416 -0.000905626
-0.00732151 -0.0114525
-0.0343527 -0.0276448
-0.0581017 -0.039238
-0.0641987 -0.0400302
-0.0529795 -0.0332964
-0.0392509 -0.026183
-0.0377789 -0.0233661
-0.0484216 -0.0253767
-0.0579447 -0.0293491
-0.0553134 -0.0305999
-0.0412353 -0.0258226
-0.0235744 -0.015735
-0.00718307 -0.00459546
0.0088382 0.00281794
0.0233469 0.0035498
0.0324029 -0.00103654
0.036836 -0.00477672
0.0422007 -0.00115924
0.0479853 0.0105176
0.0454667 0.024891
0.02864 0.0352862
0.00339794 0.0388528
-0.0159668 0.037648
-0.0208671 0.033352
-0.0166507 0.0246965
-0.0133358 0.0133303
-0.0125889 0.00616563
-0.01166 0.00694766
-0.0123343 0.0113201
-0.0176917 0.0130053
-0.0255035 0.0103707
-0.03171 0.0060567
-0.035905 0.00318197
-0.0397042 0.00325148
-0.0393966 0.00590903
-0.0242105 0.00829604
0.0115459 0.00613543
0.0591373 -0.000832776
0.0984398 -0.00677231
0.110973 -0.00608834
0.0939506 0.00109241
0.0637503 0.0109572
0.0396216 0.0194773
0.0287537 0.0236486
0.0274044 0.0222273
0.0277085 0.0160341
0.0224677 0.00707098
0.00981983 -0.00271761
-0.00607632 -0.0131122
-0.016635 -0.0244884
-0.0163967 -0.0353252
-0.0124196 -0.0426321
-0.0193046 -0.0450211
-0.0409441 -0.0438692
-0.0671174 -0.04194
-0.0878166 -0.0406898
-0.100648 -0.0390441
-0.102687 -0.0357478
-0.0895297 -0.0313431
-0.0648569 -0.0264728
-0.0394006 -0.0206816
-0.0192071 -0.0138949
-0.00208675 -0.00654431
0.0156463 0.00156927
0.0314601 0.0100407
0.0392985 0.0162106
0.0409958 0.0168497
0.0462127 0.0113604
0.0593257 0.00309325
0.0735644 -0.00277884
0.0790475 -0.00292698
0.0729221 0.00161276
0.0593011 0.00707968
0.0430068 0.0116112
0.0279679 0.0171047
0.0193009 0.0240421
0.0179364 0.0273572
0.0187701 0.0226204
0.0195327 0.0132336
0.017648 0.00522182
0.00206874 -0.000474757
-0.0307324 -0.00596295
-0.0657693 -0.0117053
-0.0907921 -0.0178959
-0.109432 -0.0256634
-0.123519 -0.0345825
-0.12094 -0.0408794
-0.0925244 -0.041249
-0.0488128 -0.0368349
-0.00987912 -0.0304941
0.0160878 -0.0218646
0.0325667 -0.00883459
0.0431575 0.00647286
0.0491566 0.0183128
0.0554849 0.0225111
0.0671871 0.0197995
0.0816132 0.0142681
0.0896335 0.00970759
0.0855861 0.00671229
0.073047 0.00561152
0.0588739 0.00780887
0.0442796 0.0117894
0.0300349 0.0131782
0.0222647 0.0105056
0.0183109 0.0051532
0.00504813 -0.00183405
-0.0181718 -0.00966531
-0.034665 -0.0174798
-0.0382433 -0.0255424
-0.0425208 -0.0336824
-0.0603321 -0.0402201
-0.0874952 -0.043309
-0.109516 -0.0422017
-0.113747 -0.0376742
-0.0959034 -0.032315
-0.0639014 -0.0289861
-0.0323616 -0.0281902
-0.00977578 -0.0264099
0.00629816 -0.0192427
0.019244 -0.00742089
0.0275223 0.00353215
0.0267357 0.0104165
0.0155046 0.0145964
-0.000248666 0.0173513
-0.0105946 0.0178302
-0.0116541 0.0154331
-0.00747121 0.0112887
-0.00195401 0.00713074
0.00583918 0.00450232
0.0194839 0.00454483
0.0393604 0.00750159
0.0590392 0.0132611
0.069427 0.0221938
0.0676325 0.0338379
0.0571928 0.0445711
0.0392922 0.0483126
0.0139763 0.041593
-0.00871779 0.0276919
-0.0160659 0.0133653
-0.00867843 0.00290464
0.00234643 -0.00150329
0.00614401 0.00170909
-0.00448418 0.0102329
-0.0254621 0.0179345
-0.0409545 0.0205218
-0.0400325 0.0183392
-0.0276592 0.0148628
-0.0162567 0.0130011
-0.0113401 0.0121436
-0.00597897 0.00988365
0.0103831 0.00590483
0.0373147 0.00163539
0.062442 -0.00163552
0.0745667 -0.00285135
0.0718437 -0.00268633
0.0550783 -0.00561718
0.0220003 -0.0158663
-0.0221474 -0.0310483
-0.0575788 -0.0431218
-0.0703465 -0.0460204
-0.0688829 -0.0401713
-0.0694597 -0.0315192
-0.0766133 -0.0283188
-0.0816997 -0.0355732
-0.0729358 -0.047864
-0.0484871 -0.0523353
-0.02062 -0.0422115
-0.00255391 -0.0234313
0.00416807 -0.0067704
0.00819803 0.00216977
0.0166535 0.00615464
0.02539 0.0114793
0.022516 0.0201749
0.00420972 0.027775
-0.0179573 0.0303584
-0.0297709 0.0296149
-0.02699 0.0296646
-0.013912 0.0316104
0.00521409 0.0335022
0.0284241 0.03405
0.0526602 0.0350301
0.0712837 0.0386427
0.0780665 0.043289
0.0728078 0.0447433
0.0623207 0.0407609
0.0533277 0.0326205
0.0476247 0.0233676
0.0430316 0.0160066
0.0353683 0.0106457
0.0195988 0.00428631
-0.00350697 -0.00438643
-0.0268849 -0.0126917
-0.0433079 -0.017114
-0.0488265 -0.0165583
-0.0419704 -0.0129458
-0.0274737 -0.00917627
-0.0169522 -0.00642086
-0.0199313 -0.00581684
-0.0337268 -0.00927812
-0.0457445 -0.0154974
-0.0441403 -0.0189053
-0.0282694 -0.016308
-0.0105229 -0.0109452
-0.00292001 -0.00647797
-0.00533726 -0.00210895
-0.0127325 0.00131897
-0.0225074 -0.000829062
-0.029379 -0.00740636
-0.0254181 -0.00914389
-0.00884548 -0.000681979
0.0134848 0.0131608
0.0337967 0.0227104
0.0510346 0.0211615
0.0679803 0.00978501
0.0828592 -0.00246856
0.088869 -0.00717737
0.0796046 -0.00341991
0.0566641 0.00473372
0.0303359 0.0134365
0.00792237 0.0197498
-0.0154639 0.0212433
-0.0424704 0.0180897
-0.0592359 0.0122916
-0.0536037 0.00457149
-0.036982 -0.00434596
-0.0305411 -0.0114508
-0.0396999 -0.0147017
-0.0524146 -0.0152703
-0.0526243 -0.0141972
-0.0352806 -0.0114546
-0.0130183 -0.00827147
-0.00510665 -0.00585435
-0.018835 -0.00363901
-0.0408536 -0.00179797
-0.0470825 -0.00138534
-0.0259812 -0.000418736
0.00993844 0.00544648
0.0387483 0.0167976
0.0496994 0.0276095
0.047362 0.0305464
0.0431397 0.0247918
0.0464747 0.0168638
0.060266 0.0125176
0.0784212 0.0114756
0.0864169 0.0113951
0.0734381 0.0130981
0.0454196 0.0172929
0.0192093 0.0202301
0.00326924 0.0180599
-0.00756546 0.0115559
-0.0199093 0.00410424
-0.0273272 -0.0022435
-0.0133157 -0.00719675
0.0304279 -0.00957537
0.0991678 -0.0131315
0.201689 -0.0345548
0.359915 -0.0884891
0.550124 -0.158371
0.689042 -0.206074
0.716126 -0.209001
0.65267 -0.17635
0.564171 -0.134058
0.501562 -0.104391
0.480285 -0.0952351
0.489238 -0.101668
0.509572 -0.111818
0.528 -0.112387
0.542746 -0.0966234
0.558393 -0.0666076
0.574863 -0.0286715
0.587098 0.00954206
0.593291 0.0396563
0.594863 0.0552406
0.594182 0.0532187
0.613545 0.00468136
0.703808 -0.168623
0.864746 -0.46578
0.997409 -0.715409
1.00253 -0.740287
0.899911 -0.572387
0.789392 -0.388565
0.743136 -0.32191
0.758137 -0.375864
0.790597 -0.472979
0.808241 -0.539411
0.808332 -0.546645
0.80344 -0.507833
0.803066 -0.455249
0.808011 -0.416021
0.815832 -0.396615
0.826546 -0.384427
0.84175 -0.362255
0.859685 -0.322996
0.874145 -0.272155
0.879479 -0.22079
0.873971 -0.178127
0.858204 -0.150236
0.834726 -0.143685
0.809293 -0.163929
0.791349 -0.20997
0.790281 -0.275523
0.807717 -0.352889
0.833296 -0.430456
0.85199 -0.492633
0.858413 -0.531578
0.860752 -0.552346
0.866775 -0.561168
0.870038 -0.55804
0.855351 -0.543858
0.813728 -0.523105
0.750595 -0.499413
0.681079 -0.472793
0.619723 -0.442231
0.570921 -0.412604
0.525371 -0.392336
0.469241 -0.377901
0.395584 -0.358653
0.311111 -0.335236
0.231185 -0.319848
0.166103 -0.321868
0.109858 -0.342435
0.0502422 -0.375186
-0.0167255 -0.412992
-0.0846052 -0.452995
-0.145083 -0.49272
-0.196427 -0.527267
-0.243409 -0.553335
-0.28931 -0.570234
-0.332318 -0.577603
-0.3703 -0.576484
-0.402716 -0.570016
-0.426293 -0.558051
-0.435958 -0.536455
-0.431362 -0.503428
-0.418101 -0.463862
-0.401592 -0.425176
-0.382463 -0.389925
-0.358258 -0.353527
-0.326608 -0.31046
-0.286739 -0.260852
-0.240925 -0.210234
-0.206308 -0.168617
-0.221531 -0.148859
-0.287544 -0.142998
-0.329466 -0.116853
-0.270647 -0.0536473
-0.127672 0.0228404
0.0172654 0.0830143
0.106919 0.112368
0.137603 0.113716
0.1176 0.109446
0.0779071 0.115697
0.096606 0.118928
0.221603 0.103356
0.392912 0.0761247
0.508383 0.053508
0.524759 0.0414278
0.469324 0.038444
0.380288 0.0552234
0.262539 0.10736
0.119245 0.177915
-0.0113395 0.220866
-0.0802948 0.210174
-0.079188 0.160794
-0.0454316 0.102979
-0.0238788 0.0538561
-0.0388009 0.00671001
-0.113816 -0.0533168
-0.270357 -0.129293
-0.476096 -0.211786
-0.644212 -0.284322
-0.692246 -0.318011
-0.586764 -0.286201
-0.366042 -0.200036
-0.157129 -0.118968
-0.122318 -0.108633
-0.276306 -0.159467
-0.408163 -0.185079
-0.301979 -0.12672
0.00763167 -0.0165599
0.32017 0.0788824
0.497887 0.123928
0.542194 0.131636
0.522326 0.140374
0.485875 0.171391
0.435779 0.214405
0.380064 0.246417
0.349688 0.253413
0.329147 0.249053
0.253735 0.25904
0.102995 0.279728
-0.0413293 0.272957
-0.0863851 0.220017
-0.040443 0.147215
0.0180004 0.0923561
0.0414675 0.0671962
0.0236377 0.065974
-0.0210351 0.0804617
-0.0590878 0.0894515
-0.0571878 0.0614632
-0.0233347 -0.0058381
-0.0109482 -0.0740044
-0.0682659 -0.109597
-0.18635 -0.114631
-0.313007 -0.109977
-0.385443 -0.112536
-0.358898 -0.12901
