-0.10173 -0.170692
-0.0964377 -0.169409
-0.0947356 -0.173621
-0.0917115 -0.170246
-0.0812365 -0.149925
-0.0658232 -0.120776
-0.052871 -0.0978268
-0.0428004 -0.0823097
-0.0309808 -0.0645325
-0.0200915 -0.0436285
-0.0181323 -0.0284542
-0.0237678 -0.021307
-0.0249991 -0.0144219
-0.0117679 0.000846829
0.0158993 0.0272852
0.0487598 0.059247
0.0742914 0.0847375
0.087328 0.0971899
0.0937689 0.101652
0.0998409 0.104911
0.104512 0.1073
0.10402 0.105902
0.0965842 0.0985166
0.083275 0.0862447
0.0681349 0.074516
0.0556121 0.0671877
0.048721 0.0625391
0.0476168 0.0566235
0.0479459 0.0468918
0.042769 0.0328403
0.0282518 0.0154159
0.00877482 -0.00234696
-0.00617619 -0.0153425
-0.01263 -0.0224866
-0.015329 -0.0290277
-0.0199829 -0.0379992
-0.0266273 -0.0441344
-0.0312103 -0.0420949
-0.0309861 -0.0349679
-0.0275429 -0.0304886
-0.0246275 -0.0315908
-0.0252354 -0.0356395
-0.028714 -0.0382799
-0.0311713 -0.0352115
-0.0308546 -0.0254671
-0.028986 -0.0127152
-0.0258213 -0.00178297
-0.020412 0.00596732
-0.011461 0.0127701
0.0016713 0.0209627
0.0148716 0.0277097
0.0209155 0.0271575
0.01745 0.0177457
0.00703897 0.00317764
-0.00746948 -0.0125267
-0.0218818 -0.0265684
-0.0318409 -0.038049
-0.0358049 -0.0469423
-0.0335101 -0.0500315
-0.0262143 -0.043255
-0.0205158 -0.0324735
-0.0227247 -0.03024
-0.0298319 -0.0386459
-0.0334243 -0.0455058
-0.0285994 -0.0392175
-0.017802 -0.0217978
-0.00911389 -0.00629773
-0.00926595 -0.00359966
-0.0163107 -0.012975
-0.0220422 -0.0242358
-0.0198876 -0.0257366
-0.0102887 -0.0144088
0.0017074 0.00250054
0.0141025 0.0174948
0.0280549 0.0300193
0.0405765 0.0409825
0.04573 0.0475394
0.0423919 0.0462052
0.0364932 0.039956
0.0343315 0.036565
0.0344961 0.0378318
0.0313533 0.0377033
0.0245374 0.0317788
0.019112 0.0221571
0.0179126 0.0144304
0.0200784 0.0127632
0.021797 0.0150762
0.0182105 0.0143212
0.0104046 0.00843939
0.00638517 0.00316148
0.00883808 0.00213007
0.0114504 0.00255726
0.00864446 0.000206539
0.00122347 -0.00440439
-0.00624935 -0.00683233
-0.0105715 -0.00555492
-0.0141644 -0.00612298
-0.0188917 -0.00981688
-0.0209676 -0.0104312
-0.0167677 -0.00443341
-0.00900781 0.00398947
-0.0041811 0.00832137
-0.00484366 0.0052826
-0.00709605 -0.00203408
-0.00675311 -0.00732189
-0.00366769 -0.00771337
0.00162383 -0.00417782
0.00752511 0.000552263
0.0105687 0.00386202
0.0104232 0.00610533
0.00908483 0.00760893
0.00585293 0.00409981
-0.00170017 -0.00815904
-0.0108614 -0.0226952
-0.0160589 -0.0285469
-0.0153987 -0.0219537
-0.012305 -0.00983955
-0.0110511 -0.00325357
-0.0128406 -0.00784067
-0.0146614 -0.0176497
-0.0130881 -0.0232403
-0.00926161 -0.023234
-0.00695162 -0.0218451
-0.00759295 -0.020035
-0.00796865 -0.0153129
-0.00411284 -0.00659504
0.00281592 0.00361327
0.0083357 0.0120924
0.0104524 0.017425
0.00933027 0.0191598
0.00600166 0.0178643
0.00654586 0.0182256
0.0150493 0.0228896
0.0252935 0.0277009
0.0277156 0.0264472
0.0226514 0.0199565
0.0166075 0.0137889
0.011194 0.00955297
0.00299228 0.00298139
-0.00772018 -0.00756468
-0.0158495 -0.0179942
-0.0174454 -0.022993
-0.0125396 -0.0201802
-0.00563812 -0.0135902
-0.00351715 -0.0116113
-0.00851797 -0.0172034
-0.0161284 -0.0247954
-0.022567 -0.0295386
-0.0272333 -0.0312599
-0.0293974 -0.0305547
-0.0293947 -0.0276967
-0.0304474 -0.0249531
-0.0310064 -0.0227331
-0.0254054 -0.0181352
-0.0136928 -0.00963254
-0.00306582 -0.00111221
0.000906805 0.00284634
-0.00036528 0.00404095
-0.00024489 0.00837691
0.00668343 0.0176324
0.0192863 0.0289223
0.0317653 0.0392554
0.0392628 0.0451894
0.0416685 0.0450399
0.0437345 0.0442318
0.0494786 0.0501065
0.056629 0.0610212
0.0571205 0.066428
0.0459758 0.0578774
0.0292793 0.0389083
0.019291 0.0221904
0.0201309 0.015195
0.0222133 0.0118638
0.0143716 0.00279882
-0.00358003 -0.0120339
-0.0214197 -0.0237677
-0.0302374 -0.025555
-0.0296179 -0.0197302
-0.0257453 -0.0145138
-0.025702 -0.0158898
-0.0314734 -0.0235145
-0.0366445 -0.0316702
-0.0343223 -0.0352847
-0.0271956 -0.0346356
-0.0233319 -0.032683
-0.0247117 -0.0303036
-0.0253984 -0.0269742
-0.0195505 -0.0222795
-0.00851722 -0.0160882
0.00115644 -0.00931149
0.0048419 -0.00533114
0.00249581 -0.00727346
-0.00163006 -0.0124273
-0.00391164 -0.016486
-0.005092 -0.0202031
-0.00764016 -0.0254389
-0.0101162 -0.0281043
-0.0107142 -0.0250389
-0.00878459 -0.0181527
-0.00316511 -0.00950128
0.0069433 0.00203559
0.0188534 0.0162643
0.0280653 0.0293769
0.0318256 0.0370673
0.0319484 0.04007
0.0337459 0.0439304
0.0390147 0.0504921
0.0450422 0.0559822
0.0498633 0.0573122
0.0512402 0.0529597
0.0436182 0.0403662
0.0250946 0.0202018
0.00340765 0.000415513
-0.0110238 -0.0112539
-0.0153368 -0.0155143
-0.0157421 -0.0197322
-0.0177349 -0.0272991
-0.0195524 -0.0330672
-0.0190517 -0.0313269
-0.0187495 -0.0240421
-0.020453 -0.0182186
-0.0231967 -0.0187784
-0.024096 -0.0233487
-0.0203966 -0.0257435
-0.0155849 -0.0265419
-0.0178331 -0.0324814
-0.0287059 -0.0438921
-0.039651 -0.0514898
-0.0424269 -0.047751
-0.0378869 -0.0350082
-0.0327459 -0.0226709
-0.029262 -0.0172415
-0.0249968 -0.0192389
-0.0169534 -0.0238087
-0.00450588 -0.023982
0.00946049 -0.0153899
0.0191045 -0.0010546
0.0216166 0.0118739
0.0204249 0.0193489
0.0223503 0.0243062
0.0279117 0.0299849
0.0289403 0.0329141
0.0200394 0.0288117
0.00780144 0.0211827
0.00271919 0.0163774
0.00654489 0.0153589
0.0112811 0.0136676
0.00899492 0.00687729
0.000100638 -0.00481554
-0.00683605 -0.0148001
-0.00476025 -0.0163402
0.00562957 -0.00717819
0.0171818 0.00791067
0.0238244 0.0199137
0.0244592 0.0225851
0.0229565 0.0193412
0.0215032 0.0160691
0.0161259 0.0127156
0.00512335 0.00906327
-0.00352573 0.0104343
-0.00241149 0.0173472
0.00537742 0.021969
0.0118976 0.0184096
0.0128104 0.0094997
0.00856927 0.00222217
0.00114017 -0.000231902
-0.0079074 -0.00171852
-0.0152623 -0.00464786
-0.0172475 -0.00534273
-0.0150527 -0.0018351
-0.0149065 0.000470261
-0.0211114 -0.00451856
-0.0327883 -0.0173409
-0.0454993 -0.033576
-0.0555882 -0.0480372
-0.0613285 -0.0565793
-0.0608008 -0.0563281
-0.0528501 -0.0484512
-0.0417316 -0.0406612
-0.0329699 -0.0396407
-0.0246935 -0.0415787
-0.0116702 -0.0373478
0.00480811 -0.0240423
0.0189882 -0.00499963
0.0259252 0.012051
0.0245396 0.0187328
0.0187813 0.0141614
0.0143775 0.00663741
0.0136848 0.00384257
0.0158995 0.00676672
0.0190918 0.0127486
0.0215621 0.0189739
0.0239261 0.0240102
0.0277899 0.0282931
0.0316825 0.0322765
0.0321769 0.0340078
0.0290316 0.0315566
0.0259301 0.0264857
0.0259427 0.0221014
0.0279563 0.0201163
0.0291597 0.0205713
0.0293386 0.0232559
0.0299106 0.027337
0.0293848 0.0288599
0.0238575 0.0225156
0.0119244 0.0074987
-0.00119991 -0.0097149
-0.00716008 -0.0198253
-0.00359903 -0.0184639
0.00485606 -0.00806716
0.0140038 0.00534725
0.0210615 0.0147058
0.02421 0.0161428
0.0240201 0.0120915
0.0209845 0.00662466
0.014483 0.000910929
0.00569951 -0.006044
-0.00551553 -0.0176351
-0.0203339 -0.0352272
-0.0334145 -0.0506728
-0.0385638 -0.0549173
-0.0388958 -0.048382
-0.0409897 -0.0372465
-0.0445359 -0.0264793
-0.0440943 -0.0186435
-0.0362739 -0.0122725
-0.0242026 -0.00493236
-0.0145658 0.00171781
-0.011508 0.00383432
-0.0153704 -0.000285131
-0.0214524 -0.00653579
-0.023183 -0.00932931
-0.0215032 -0.00985347
-0.024411 -0.0147558
-0.0325038 -0.0246181
-0.0348547 -0.0305411
-0.0225582 -0.0245014
-0.000452931 -0.00892622
0.0185771 0.00627204
0.0270459 0.0137272
0.0255345 0.0116458
0.0184692 0.00289196
0.0121425 -0.00482279
0.0129011 -0.00172944
0.0220318 0.0141264
0.0338835 0.0329484
0.0406359 0.0428448
0.0380593 0.0403061
0.027519 0.0291629
0.0143076 0.0155079
0.00524138 0.00559789
0.00340737 0.00184247
0.00592387 0.00204098
0.00606933 0.00176079
-0.00170003 -0.00299006
-0.0156021 -0.012268
-0.0274856 -0.0217568
-0.032847 -0.0291963
-0.0332458 -0.0344053
-0.0292771 -0.0336625
-0.0202841 -0.0246485
-0.0107886 -0.0145828
-0.00708825 -0.012251
-0.00768575 -0.0167242
-0.00101488 -0.0202199
0.0274871 -0.0180095
0.0870569 -0.00941747
0.172399 0.00291418
0.262288 0.0131297
0.338495 0.0170768
0.403357 0.0177208
0.469241 0.0210588
0.536604 0.0279928
0.592618 0.0335364
0.627073 0.0321842
0.642197 0.0230177
0.646559 0.00986216
0.645493 -0.00103952
0.64016 -0.00408393
0.63333 0.00357147
0.629837 0.0215386
0.630876 0.0465817
0.635052 0.0754715
0.643533 0.106988
0.656928 0.139143
0.670916 0.166899
0.680085 0.184142
0.683129 0.185653
0.682893 0.168436
0.683326 0.13181
0.685951 0.0759456
0.691172 0.0017597
0.701919 -0.0881314
0.722574 -0.18944
0.754015 -0.29361
0.79076 -0.387917
0.822746 -0.46132
0.841082 -0.508476
0.844319 -0.528385
0.838271 -0.523843
0.829623 -0.502569
0.822215 -0.474833
0.817585 -0.44944
0.816617 -0.430327
0.819467 -0.4151
0.825835 -0.396102
0.836118 -0.365653
0.851575 -0.321393
0.872867 -0.266583
0.897388 -0.206707
0.917438 -0.148729
0.924113 -0.102319
0.915029 -0.0775878
0.896927 -0.0800371
0.879009 -0.108031
0.866536 -0.15505
0.860746 -0.214179
0.86006 -0.280711
0.862193 -0.351681
0.866381 -0.42442
0.868898 -0.493473
0.858406 -0.549625
0.825127 -0.584819
0.771264 -0.598202
0.706838 -0.59481
0.638398 -0.582311
0.566008 -0.568403
0.490534 -0.555618
0.418381 -0.538437
0.354826 -0.511348
0.299048 -0.475865
0.24945 -0.434914
0.206377 -0.387798
0.167838 -0.334221
0.128666 -0.278847
0.0867774 -0.227917
0.0431623 -0.186523
-0.00366119 -0.161634
-0.0578572 -0.164308
-0.120899 -0.20211
-0.189585 -0.266198
-0.25662 -0.332765
-0.313752 -0.385878
-0.359162 -0.43034
-0.397574 -0.474579
-0.429956 -0.510575
-0.449694 -0.522565
-0.453005 -0.511886
-0.443764 -0.49569
-0.427308 -0.482046
-0.406263 -0.461637
-0.380285 -0.42347
-0.346552 -0.368113
-0.304943 -0.305256
-0.260545 -0.242647
-0.219966 -0.183088
-0.187168 -0.132268
-0.163194 -0.0971933
-0.143363 -0.0756646
-0.115052 -0.0518199
-0.0682036 -0.00906743
-0.0128015 0.0493983
0.0273181 0.100516
0.0462107 0.129288
0.0621739 0.144044
0.0876539 0.158543
0.112103 0.171223
0.1197 0.171692
0.112752 0.160911
0.108249 0.151587
0.116503 0.150255
0.127327 0.14762
0.126925 0.134529
0.119355 0.118295
0.119256 0.113145
0.128308 0.119629
0.133659 0.123973
0.123803 0.111291
0.0993772 0.0777766
0.0709328 0.0356566
0.0444395 -0.00110333
0.0181606 -0.029304
-0.00503684 -0.0495732
-0.0180203 -0.0606406
-0.0216778 -0.0639647
-0.0245931 -0.0630242
-0.0317061 -0.0603026
-0.0402397 -0.0564427
-0.0455194 -0.0509151
-0.0486464 -0.0462548
-0.0508849 -0.04373
-0.0487254 -0.0388188
-0.0388506 -0.0276325
-0.0237195 -0.0138094
-0.00916629 -0.00484823
-0.00368282 -0.00676335
-0.0120205 -0.0161103
-0.0275262 -0.0210112
-0.0363101 -0.0154736
-0.0313231 -0.00591899
-0.0144858 0.00317591
0.00639645 0.0133856
0.0219762 0.0241396
0.0255063 0.0291546
0.0169189 0.0231099
-0.000239676 0.00515138
-0.0188692 -0.0176519
-0.0284468 -0.0326661
-0.0228721 -0.0308662
-0.00847906 -0.0139124
0.00185336 0.00608849
0.0029249 0.0155955
0.00251817 0.0146054
0.0109979 0.0164792
0.0278418 0.0277308
0.0395014 0.0381692
0.0328851 0.0355284
0.00931569 0.0182829
-0.015948 -0.00504684
