-0.925 -0.11 -0.0185 -0.0022 -2.10522 -0.0421045 
-0.925 -0.095 -0.1221 -0.01422 -2.1106 -0.277997 
-0.925 -0.139 -0.3663 -0.04246 -2.06152 -0.833396 
-0.929 -0.079 -0.692535 -0.081014 -2.11328 -1.57266 
-0.923 -0.112 -0.952881 -0.112202 -2.09973 -2.1589 
-0.934 -0.149 -1.05476 -0.12414 -2.05115 -2.38478 
-0.92 -0.126 -1.02511 -0.122487 -2.07556 -2.31204 
-0.922 -0.111 -0.952499 -0.120779 -2.09094 -2.14034 
-0.924 -0.094 -0.906087 -0.122753 -2.10388 -2.03088 
-0.925 -0.12 -0.902626 -0.122364 -2.09497 -2.02795 
-0.925 -0.126 -0.922736 -0.117281 -2.07983 -2.08499 
-0.918 -0.149 -0.941435 -0.113509 -2.05823 -2.13547 
-0.917 -0.138 -0.946571 -0.117815 -2.06421 -2.14513 
-0.93 -0.118 -0.940486 -0.129011 -2.09204 -2.12196 
-0.909 -0.136 -0.932154 -0.138702 -2.0697 -2.09482 
-0.942 -0.107 -0.928236 -0.140059 -2.0968 -2.08482 
-0.936 -0.111 -0.930373 -0.133204 -2.08728 -2.09306 
-0.918 -0.107 -0.9366 -0.122714 -2.10193 -2.1083 
-0.923 -0.111 -0.942389 -0.113352 -2.08948 -2.12026 
-0.915 -0.124 -0.943092 -0.108573 -2.06274 -2.12429 
-0.918 -0.125 -0.938262 -0.109716 -2.06641 -2.11966 
-0.919 -0.128 -0.931697 -0.115637 -2.08765 -2.10898 
-0.929 -0.126 -0.927643 -0.123123 -2.07104 -2.0989 
-0.928 -0.118 -0.928224 -0.128475 -2.09143 -2.0956 
-0.908 -0.126 -0.932204 -0.129633 -2.06787 -2.09927 
-0.925 -0.129 -0.935531 -0.127554 -2.07227 -2.10463 
-0.922 -0.108 -0.935344 -0.125021 -2.08179 -2.10654 
-0.913 -0.123 -0.932775 -0.123296 -2.06262 -2.10426 
-0.914 -0.149 -0.93028 -0.122368 -2.04248 -2.09976 
-0.929 -0.096 -0.9287 -0.123261 -2.07886 -2.09387 
-0.931 -0.119 -0.928773 -0.12516 -2.06934 -2.08828 
-0.93 -0.086 -0.931681 -0.123938 -2.09424 -2.08713 
-0.911 -0.142 -0.936447 -0.11764 -2.03552 -2.0921 
-0.929 -0.115 -0.939397 -0.111371 -2.07349 -2.0977 
-0.904 -0.166 -0.938059 -0.112121 -2.02148 -2.09689 
-0.919 -0.128 -0.933286 -0.122135 -2.073 -2.08828 
-0.932 -0.063 -0.928311 -0.134485 -2.14136 -2.0798 
-0.93 0.024 -0.926905 -0.133782 -2.22461 -2.0866 
-0.923 0.14 -0.930696 -0.103012 -2.34985 -2.12387 
-0.883 0.255 -0.935919 -0.0342135 -2.47217 -2.19776 
-0.841 0.385 -0.934054 0.0676237 -2.6228 -2.30378 
-0.797 0.463 -0.917056 0.188891 -2.71619 -2.43127 
-0.725 0.523 -0.882375 0.312339 -2.81958 -2.56626 
-0.723 0.549 -0.834076 0.420761 -2.86096 -2.69361 
-0.766 0.494 -0.783336 0.499926 -2.83997 -2.79863 
-0.78 0.465 -0.74755 0.54014 -2.88513 -2.86968 
-0.783 0.399 -0.740215 0.538645 -2.88965 -2.9048 
-0.794 0.361 -0.758337 0.50254 -2.90344 -2.91575 
-0.801 0.282 -0.785179 0.446635 -2.90918 -2.91972 
-0.832 0.257 -0.805941 0.385088 -3.02942 -2.92917 
-0.852 0.244 -0.818285 0.327483 -3.20762 -2.95639 
-0.868 0.326 -0.829171 0.282639 -3.35875 -3.0197 
-0.892 0.38 -0.845026 0.26333 -3.37095 -3.12998 
-0.939 0.459 -0.866934 0.280848 -3.31663 -3.26607 
-1.013 0.466 -0.894731 0.333709 -3.13794 -3.37386 
-1.057 0.481 -0.931385 0.402852 -2.95044 -3.39653 
-1.091 0.421 -0.979261 0.460796 -2.77649 -3.31019 
-1.087 0.348 -1.03306 0.484875 -2.65198 -3.13747 
-1.047 0.315 -1.0789 0.466399 -2.56116 -2.93281 
-1 0.242 -1.10104 0.413479 -2.46753 -2.75036 
-1.017 0.221 -1.09215 0.345498 -2.51013 -2.61919 
-1.054 0.221 -1.06223 0.282382 -2.69104 -2.5473 
-1.09 0.326 -1.03592 0.239699 -2.87585 -2.54325 
-1.095 0.384 -1.03475 0.231115 -3.00952 -2.61834 
-1.102 0.498 -1.05998 0.26503 -3.12573 -2.76382 
-1.14 0.48 -1.09509 0.335974 -3.07666 -2.9385 
-1.164 0.432 -1.12438 0.418915 -3.0354 -3.08377 
-1.228 0.405 -1.14609 0.477929 -3.06824 -3.15586 
-1.263 0.315 -1.16963 0.487502 -3.01379 -3.15304 
-1.262 0.231 -1.20286 0.446806 -2.90735 -3.10844 
-1.234 0.166 -1.24147 0.372862 -2.79773 -3.05159 
-1.174 0.105 -1.26912 0.286409 -2.70203 -2.98606 
-1.115 0.021 -1.26871 0.203309 -2.62097 -2.90365 
-1.049 0.004 -1.23431 0.130418 -2.59668 -2.80649 
-1.076 0.029 -1.17549 0.0697977 -2.7627 -2.71569 
-1.099 0.064 -1.11516 0.0275958 -2.9917 -2.6703 
-1.087 0.176 -1.07806 0.0150887 -3.19603 -2.7124 
-1.083 0.243 -1.07337 0.0412278 -3.28013 -2.855 
-1.105 0.353 -1.08889 0.105202 -3.30552 -3.05834 
-1.145 0.382 -1.10695 0.194645 -3.2628 -3.247 
-1.175 0.48 -1.12184 0.289952 -3.2921 -3.35832 
-1.183 0.468 -1.13897 0.374175 -3.34092 -3.38245 
-1.187 0.394 -1.16188 0.435786 -3.41868 -3.36179 
-1.18 0.386 -1.18555 0.46471 -3.49583 -3.35407 
-1.164 0.321 -1.20106 0.455532 -3.53245 -3.39133 
-1.132 0.261 -1.20273 0.415088 -3.56175 -3.46568 
-1.11 0.171 -1.19019 0.357481 -3.58592 -3.54565 
-1.069 0.098 -1.16679 0.291921 -3.61876 -3.60437 
-1.024 0.075 -1.13655 0.221683 -3.61509 -3.63601 
-1.023 0.101 -1.10244 0.153203 -3.41527 -3.64598 
-1.027 0.101 -1.06871 0.100883 -3.07056 -3.62327 
-1.073 0.068 -1.04369 0.0766759 -2.68835 -3.52782 
-1.108 0.11 -1.03737 0.0770558 -2.52246 -3.32169 
-1.172 0.175 -1.05511 0.0892278 -2.60596 -3.02606 
-1.224 0.218 -1.09474 0.108323 -2.73767 -2.73995 
-1.224 0.296 -1.14754 0.139895 -2.82837 -2.58084 
-1.238 0.34 -1.20008 0.188395 -2.93262 -2.59577 
-1.203 0.251 -1.23811 0.247015 -2.98242 -2.73393 
-1.164 0.279 -1.25216 0.295412 -3.04102 -2.89953 
-1.093 0.277 -1.23989 0.314023 -3.08972 -3.0221 
-1.016 0.21 -1.20341 0.302286 -3.09204 -3.08562 
-0.936 0.213 -1.14676 0.274863 -3.12207 -3.11108 
-0.889 0.269 -1.0757 0.246523 -3.17943 -3.12568 
-0.888 0.36 -1.00033 0.231574 -3.28624 -3.14863 
-0.885 0.452 -0.93573 0.246568 -3.43528 -3.19368 
-0.884 0.47 -0.895416 0.29964 -3.54747 -3.27109 
-0.857 0.484 -0.881522 0.37789 -3.7241 -3.38297 
-0.814 0.478 -0.881804 0.451925 -3.79564 -3.52031 
-0.809 0.43 -0.878271 0.495453 -3.77183 -3.66249 
-0.764 0.423 -0.8605 0.500114 -3.8004 -3.77984 
-0.753 0.379 -0.830606 0.475283 -3.79515 -3.84797 
-0.729 0.352 -0.797429 0.437805 -3.79149 -3.86614 
-0.713 0.303 -0.768388 0.400427 -3.77379 -3.85506 
-0.72 0.283 -0.746577 0.366429 -3.75181 -3.83689 
-0.692 0.239 -0.731779 0.333662 -3.61558 -3.8193 
-0.734 0.186 -0.7226 0.299489 -3.42479 -3.78929 
-0.762 0.121 -0.719706 0.26132 -3.28538 -3.72106 
-0.828 -0.005 -0.727747 0.214491 -3.12048 -3.59884 
-0.87 -0.122 -0.752683 0.151268 -3.03796 -3.43485 
-0.853 -0.239 -0.793938 0.0644009 -3.02698 -3.2649 
-0.847 -0.349 -0.839216 -0.0458999 -2.94678 -3.12782 
-0.845 -0.394 -0.870477 -0.168357 -2.92834 -3.04258 
-0.831 -0.409 -0.878137 -0.283469 -2.91174 -3.00019 
-0.832 -0.42 -0.867401 -0.370955 -2.91223 -2.97875 
-0.839 -0.392 -0.85126 -0.419465 -2.89978 -2.96338 
-0.849 -0.354 -0.840897 -0.43087 -2.9187 -2.95063 
-0.843 -0.326 -0.840697 -0.415241 -2.89697 -2.94259 
-0.867 -0.293 -0.848101 -0.384227 -2.92859 -2.94054 
-0.86 -0.216 -0.857984 -0.346914 -2.90833 -2.94332 
-0.89 -0.204 -0.86717 -0.30676 -2.88159 -2.94743 
-0.88 -0.152 -0.875706 -0.263913 -2.8866 -2.94752 
-0.9 -0.159 -0.8845 -0.220668 -2.86194 -2.93981 
-0.906 -0.127 -0.893771 -0.182931 -2.89722 -2.92647 
-0.904 -0.131 -0.902954 -0.155541 -2.85693 -2.91448 
-0.922 -0.117 -0.911319 -0.13902 -2.86682 -2.90822 
-0.922 -0.076 -0.918532 -0.129182 -2.89832 -2.90677 
-0.907 -0.133 -0.924613 -0.120351 -2.83997 -2.90765 
-0.901 -0.131 -0.928285 -0.112039 -2.84412 -2.90781 
-0.907 -0.107 -0.927346 -0.109452 -2.86243 -2.90327 
-0.915 -0.09 -0.922463 -0.113566 -2.95447 -2.89644 
-0.935 -0.124 -0.918477 -0.117102 -2.96936 -2.90089 
-0.932 -0.128 -0.92059 -0.115706 -2.96631 -2.92747 
-0.931 -0.122 -0.92932 -0.113816 -2.97119 -2.96881 
-0.918 -0.119 -0.939527 -0.116335 -2.96033 -3.00428 
-0.927 -0.1 -0.944738 -0.121168 -3.00391 -3.02014 
-0.929 -0.12 -0.943164 -0.122712 -2.97607 -3.02016 
-0.914 -0.157 -0.938389 -0.120228 -2.94482 -3.01575 
-0.928 -0.094 -0.934514 -0.119204 -3.00171 -3.01237 
-0.925 -0.119 -0.93299 -0.122039 -2.99805 -3.01091 
-0.921 -0.107 -0.93348 -0.123978 -2.99194 -3.01408 
-0.922 -0.132 -0.934814 -0.121289 -2.97632 -3.02216 
-0.918 -0.139 -0.935369 -0.117814 -2.95618 -3.02848 
-0.928 -0.099 -0.934531 -0.118794 -3.00098 -3.02658 
-0.919 -0.121 -0.933336 -0.122898 -2.98535 -3.01911 
-0.914 -0.122 -0.932761 -0.1246 -2.98035 -3.01449 
-0.905 -0.135 -0.931984 -0.122755 -2.96289 -3.01586 
-0.924 -0.1 -0.929536 -0.121213 -2.99658 -3.01849 
-0.898 -0.153 -0.925987 -0.121864 -2.93677 -3.01798 
-0.904 -0.152 -0.922724 -0.124955 -2.94373 -3.01275 
-0.9 -0.165 -0.919709 -0.132172 -2.93713 -3.00228 
-0.915 -0.132 -0.916618 -0.143622 -2.96509 -2.98905 
-0.911 -0.123 -0.915021 -0.153134 -2.95862 -2.98021 
-0.907 -0.137 -0.91639 -0.153321 -2.95728 -2.98087 
-0.887 -0.128 -0.919122 -0.144277 -2.9696 -2.98877 
-0.864 -0.148 -0.918468 -0.133908 -2.94177 -2.99709 
-0.865 -0.116 -0.910261 -0.129516 -2.98181 -3.00078 
-0.841 -0.144 -0.894992 -0.131164 -2.9552 -3.00022 
-0.863 -0.135 -0.877756 -0.13461 -2.94971 -2.99863 
-0.854 -0.125 -0.864945 -0.136749 -2.96606 -2.9974 
-0.871 -0.092 -0.860408 -0.135967 -3.01111 -2.99715 
-0.873 -0.13 -0.863967 -0.130339 -3.03064 -3.00265 
-0.881 -0.147 -0.872257 -0.122052 -3.10107 -3.0204 
-0.892 -0.162 -0.881607 -0.119222 -3.09375 -3.05239 
-0.908 -0.164 -0.890288 -0.12821 -3.08704 -3.09179 
-0.928 -0.163 -0.8993 -0.14585 -3.09229 -3.12494 
-0.945 -0.181 -0.91099 -0.162919 -3.0918 -3.14097 
-0.935 -0.194 -0.926087 -0.173678 -3.07922 -3.14036 
-0.963 -0.164 -0.941894 -0.179226 -3.08911 -3.13178 
-0.979 -0.18 -0.955327 -0.181959 -3.09167 -3.12394 
-0.99 -0.15 -0.966895 -0.181587 -3.11523 -3.12193 
-0.982 -0.165 -0.978943 -0.177051 -3.10156 -3.127 
-0.964 -0.177 -0.990247 -0.170118 -3.07751 -3.13575 
-0.977 -0.16 -0.996056 -0.165107 -3.10901 -3.14142 
-0.978 -0.157 -0.994308 -0.164511 -3.10974 -3.14091 
-0.966 -0.176 -0.988724 -0.166205 -3.09705 -3.13827 
-0.96 -0.152 -0.98399 -0.167257 -3.10352 -3.13813 
-0.95 -0.157 -0.980607 -0.166709 -3.11157 -3.14033 
-0.957 -0.165 -0.976459 -0.164618 -3.10889 -3.14299 
-0.957 -0.179 -0.971199 -0.162442 -3.10156 -3.14535 
-0.978 -0.157 -0.967415 -0.162964 -3.10217 -3.14657 
-0.967 -0.152 -0.968298 -0.165988 -3.09985 -3.14568 
-0.965 -0.155 -0.973805 -0.167383 -3.09753 -3.14294 
-0.976 -0.149 -0.980128 -0.164236 -3.11731 -3.14011 
-0.961 -0.154 -0.983547 -0.158283 -3.09778 -3.13945 
-0.94 -0.141 -0.982791 -0.153123 -3.11584 -3.14157 
-0.93 -0.144 -0.977153 -0.150174 -3.10278 -3.14492 
-0.911 -0.147 -0.965969 -0.14852 -3.10876 -3.14731 
-0.908 -0.137 -0.95054 -0.147113 -3.12366 -3.14819 
-0.912 -0.11 -0.934647 -0.145007 -3.14124 -3.14957 
-0.889 -0.138 -0.922433 -0.140451 -3.1145 -3.15437 
-0.892 -0.118 -0.915053 -0.133522 -3.14293 -3.16194 
-0.883 -0.106 -0.910141 -0.126814 -3.13611 -3.16885 
-0.881 -0.093 -0.905021 -0.121274 -3.1483 -3.17343 
-0.901 -0.076 -0.899713 -0.11429 -3.17247 -3.17754 
-0.888 -0.087 -0.896661 -0.10381 -3.15086 -3.18382 
-0.882 -0.099 -0.897364 -0.0922432 -3.14075 -3.19167 
-0.884 -0.095 -0.899638 -0.0852841 -3.15611 -3.19655 
-0.88 -0.109 -0.899902 -0.0864526 -3.11804 -3.19498 
-0.889 -0.127 -0.897439 -0.0943167 -3.12866 -3.18754 
-0.884 -0.105 -0.894603 -0.105017 -3.15123 -3.17772 
-0.892 -0.101 -0.893808 -0.113987 -3.15819 -3.17132 
-0.897 -0.094 -0.895704 -0.116707 -3.16441 -3.17378 
-0.887 -0.134 -0.899339 -0.11259 -3.12805 -3.18393 
-0.89 -0.159 -0.902754 -0.108609 -3.11511 -3.19254 
-0.913 -0.094 -0.904497 -0.113071 -3.16856 -3.19113 
-0.921 -0.086 -0.906205 -0.123148 -3.17393 -3.18315 
-0.912 -0.148 -0.911238 -0.127039 -3.1228 -3.18008 
-0.934 -0.136 -0.919892 -0.122125 -3.13806 -3.1847 
-0.931 -0.132 -0.92926 -0.118726 -3.13831 -3.18845 
-0.925 -0.157 -0.936768 -0.124226 -3.12219 -3.18515 
-0.958 -0.138 -0.941763 -0.135518 -3.16111 -3.17771 
-0.935 -0.165 -0.945575 -0.146083 -3.13489 -3.17293 
-0.949 -0.139 -0.949825 -0.152478 -3.14757 -3.17441 
-0.93 -0.158 -0.95394 -0.154519 -3.12927 -3.17963 
-0.951 -0.159 -0.955696 -0.154162 -3.14683 -3.18306 
-0.941 -0.16 -0.954967 -0.154105 -3.14341 -3.18263 
-0.928 -0.156 -0.953482 -0.15608 -3.1405 -3.18065 
-0.95 -0.127 -0.952149 -0.15848 -3.1616 -3.1802 
-0.915 -0.164 -0.950623 -0.157694 -3.13037 -3.18231 
-0.918 -0.161 -0.947881 -0.153714 -3.14403 -3.18509 
-0.929 -0.137 -0.942913 -0.150884 -3.17112 -3.18624 
-0.925 -0.16 -0.936911 -0.15148 -3.15428 -3.18701 
-0.924 -0.162 -0.933259 -0.153574 -3.14769 -3.1901 
-0.943 -0.11 -0.933721 -0.154861 -3.18834 -3.19491 
-0.908 -0.192 -0.937072 -0.153766 -3.11682 -3.19892 
-0.908 -0.152 -0.93957 -0.151789 -3.14464 -3.19923 
-0.923 -0.15 -0.937397 -0.152866 -3.15001 -3.1938 
-0.902 -0.161 -0.930935 -0.15721 -3.14525 -3.18542 
-0.918 -0.141 -0.924438 -0.160243 -3.16148 -3.18062 
-0.922 -0.157 -0.921395 -0.15924 -3.1588 -3.18274 
-0.926 -0.117 -0.922779 -0.154947 -3.18602 -3.19026 
-0.911 -0.158 -0.927433 -0.148814 -3.15574 -3.19998 
-0.912 -0.123 -0.931759 -0.142875 -3.16282 -3.20784 
-0.913 -0.123 -0.932207 -0.138555 -3.16319 -3.21035 
-0.91 -0.147 -0.928678 -0.135585 -3.14903 -3.20718 
-0.92 -0.103 -0.924324 -0.133108 -3.18174 -3.20178 
-0.91 -0.104 -0.922289 -0.13002 -3.19236 -3.19944 
