-0.73 -0.36 -0.0146 -0.0072 -0.506836 -0.0101367 
-0.732 -0.368 -0.0964 -0.04768 -0.500977 -0.0667852 
-0.754 -0.366 -0.289784 -0.143576 -0.508545 -0.200085 
-0.762 -0.346 -0.550334 -0.272 -0.535522 -0.378636 
-0.751 -0.341 -0.762726 -0.373149 -0.535767 -0.524066 
-0.749 -0.353 -0.851813 -0.408509 -0.536987 -0.587754 
-0.743 -0.352 -0.833776 -0.389932 -0.515503 -0.581852 
-0.728 -0.364 -0.775379 -0.356951 -0.507568 -0.548302 
-0.769 -0.337 -0.733137 -0.33981 -0.56958 -0.521656 
-0.772 -0.332 -0.726587 -0.342126 -0.556763 -0.516973 
-0.747 -0.368 -0.745752 -0.350662 -0.517822 -0.531769 
-0.737 -0.349 -0.768611 -0.355279 -0.519409 -0.550169 
-0.76 -0.352 -0.777617 -0.356077 -0.516235 -0.555353 
-0.758 -0.302 -0.771433 -0.355229 -0.577393 -0.54574 
-0.761 -0.33 -0.761632 -0.350463 -0.542725 -0.535635 
-0.792 -0.305 -0.759115 -0.340028 -0.587524 -0.538223 
-0.751 -0.353 -0.766066 -0.327889 -0.529663 -0.552848 
-0.731 -0.374 -0.775699 -0.322767 -0.507935 -0.566384 
-0.756 -0.331 -0.777903 -0.330423 -0.542114 -0.565948 
-0.745 -0.339 -0.769641 -0.345909 -0.550293 -0.551962 
-0.756 -0.337 -0.75831 -0.356636 -0.552734 -0.538455 
-0.758 -0.336 -0.752817 -0.355615 -0.53772 -0.537083 
-0.773 -0.346 -0.755685 -0.347319 -0.549927 -0.545632 
-0.763 -0.307 -0.76401 -0.339759 -0.552979 -0.554625 
-0.772 -0.312 -0.77292 -0.335144 -0.557861 -0.558815 
-0.758 -0.351 -0.7785 -0.330942 -0.529907 -0.55916 
-0.779 -0.305 -0.779554 -0.327235 -0.559082 -0.557469 
-0.785 -0.317 -0.778567 -0.325948 -0.567261 -0.555437 
-0.767 -0.35 -0.779391 -0.32632 -0.521606 -0.555345 
-0.772 -0.332 -0.782684 -0.327842 -0.548828 -0.556475 
-0.77 -0.3 -0.785236 -0.331267 -0.571899 -0.555954 
-0.776 -0.322 -0.784754 -0.333438 -0.544678 -0.554951 
-0.773 -0.323 -0.782634 -0.330411 -0.553345 -0.556616 
-0.778 -0.314 -0.781461 -0.324258 -0.545532 -0.559727 
-0.767 -0.314 -0.782131 -0.319944 -0.577148 -0.561242 
-0.764 -0.352 -0.783136 -0.319545 -0.532593 -0.561531 
-0.773 -0.309 -0.782424 -0.323104 -0.560913 -0.561669 
-0.756 -0.341 -0.779769 -0.328905 -0.52002 -0.560588 
-0.779 -0.294 -0.776727 -0.333097 -0.589844 -0.557244 
-0.772 -0.326 -0.775343 -0.331915 -0.553223 -0.555086 
-0.779 -0.329 -0.776884 -0.32628 -0.561279 -0.558114 
-0.768 -0.373 -0.780734 -0.322478 -0.503784 -0.563842 
-0.744 -0.341 -0.783594 -0.327724 -0.509644 -0.562825 
-0.771 -0.367 -0.781739 -0.341765 -0.52002 -0.549658 
-0.771 -0.347 -0.775723 -0.356773 -0.526123 -0.530614 
-0.766 -0.321 -0.770893 -0.364281 -0.556519 -0.518676 
-0.773 -0.32 -0.771297 -0.360423 -0.564819 -0.522125 
-0.762 -0.345 -0.775416 -0.347576 -0.5354 -0.538425 
-0.749 -0.337 -0.778624 -0.3345 -0.535278 -0.555892 
-0.763 -0.341 -0.777383 -0.329864 -0.548096 -0.562926 
-0.777 -0.303 -0.772601 -0.333728 -0.560669 -0.55865 
-0.767 -0.308 -0.769416 -0.337409 -0.580078 -0.552875 
-0.775 -0.297 -0.771502 -0.332922 -0.582153 -0.555475 
-0.794 -0.328 -0.777651 -0.32112 -0.554077 -0.567115 
-0.748 -0.33 -0.784331 -0.311098 -0.534302 -0.578549 
-0.791 -0.308 -0.787959 -0.310593 -0.589478 -0.579978 
-0.769 -0.303 -0.787288 -0.317524 -0.581665 -0.57319 
-0.761 -0.31 -0.784309 -0.322716 -0.563354 -0.569056 
-0.767 -0.312 -0.781241 -0.320911 -0.562622 -0.572518 
-0.766 -0.336 -0.778224 -0.315762 -0.537354 -0.577218 
-0.746 -0.356 -0.775231 -0.315137 -0.505981 -0.574282 
-0.752 -0.334 -0.77188 -0.323587 -0.538086 -0.560698 
-0.735 -0.348 -0.767093 -0.337705 -0.527466 -0.542286 
-0.741 -0.355 -0.760584 -0.34959 -0.51709 -0.529015 
-0.75 -0.337 -0.75399 -0.354811 -0.534912 -0.525531 
-0.769 -0.311 -0.750555 -0.353695 -0.570312 -0.529593 
-0.752 -0.337 -0.75317 -0.347197 -0.533081 -0.538416 
-0.761 -0.33 -0.760628 -0.337844 -0.53833 -0.548692 
-0.748 -0.347 -0.767769 -0.331137 -0.534912 -0.554743 
-0.763 -0.326 -0.770247 -0.331201 -0.535645 -0.553194 
-0.741 -0.34 -0.768196 -0.336135 -0.52478 -0.546735 
-0.777 -0.337 -0.764669 -0.340918 -0.541138 -0.540256 
-0.761 -0.335 -0.763414 -0.342682 -0.549438 -0.537365 
-0.771 -0.325 -0.766374 -0.341808 -0.543091 -0.539644 
-0.76 -0.349 -0.772067 -0.339641 -0.534668 -0.5455 
-0.788 -0.312 -0.777004 -0.337703 -0.571533 -0.550995 
-0.763 -0.328 -0.779972 -0.336185 -0.542847 -0.554521 
-0.749 -0.366 -0.781184 -0.33472 -0.522827 -0.556547 
-0.769 -0.333 -0.77959 -0.335445 -0.545898 -0.555648 
-0.786 -0.314 -0.775546 -0.33979 -0.570557 -0.551438 
-0.766 -0.331 -0.773475 -0.343142 -0.542725 -0.548887 
-0.756 -0.355 -0.775981 -0.341033 -0.512939 -0.551136 
-0.766 -0.335 -0.779289 -0.337141 -0.548584 -0.553156 
-0.764 -0.362 -0.778876 -0.337833 -0.529785 -0.549815 
-0.771 -0.315 -0.775516 -0.343539 -0.555054 -0.543814 
-0.758 -0.352 -0.772978 -0.34863 -0.529663 -0.541208 
-0.763 -0.328 -0.772695 -0.348731 -0.55957 -0.543576 
-0.773 -0.306 -0.773419 -0.344011 -0.574341 -0.549184 
-0.781 -0.307 -0.77459 -0.336131 -0.565796 -0.557056 
-0.747 -0.359 -0.776854 -0.326918 -0.512329 -0.565328 
-0.761 -0.317 -0.778564 -0.321684 -0.57666 -0.568335 
-0.749 -0.348 -0.77657 -0.32473 -0.533447 -0.563657 
-0.749 -0.347 -0.770534 -0.333753 -0.528076 -0.555718 
-0.764 -0.337 -0.763811 -0.342954 -0.527344 -0.548762 
-0.77 -0.313 -0.760598 -0.347949 -0.560791 -0.543246 
-0.753 -0.355 -0.762983 -0.346456 -0.529053 -0.540791 
-0.763 -0.325 -0.768568 -0.340856 -0.540649 -0.542627 
-0.757 -0.38 -0.772561 -0.337363 -0.516724 -0.545725 
-0.758 -0.338 -0.7726 -0.340856 -0.540649 -0.545424 
-0.766 -0.347 -0.770216 -0.349588 -0.529785 -0.541443 
-0.752 -0.336 -0.768202 -0.356702 -0.534424 -0.537441 
-0.76 -0.339 -0.767715 -0.356605 -0.534912 -0.536433 
-0.756 -0.345 -0.767897 -0.350552 -0.525024 -0.537939 
-0.752 -0.338 -0.767579 -0.344169 -0.52356 -0.539268 
-0.755 -0.338 -0.766434 -0.341488 -0.528809 -0.538211 
-0.768 -0.344 -0.765072 -0.342241 -0.533447 -0.535326 
-0.73 -0.374 -0.764504 -0.344778 -0.503418 -0.532851 
-0.749 -0.347 -0.763785 -0.349419 -0.522217 -0.530903 
-0.781 -0.346 -0.761619 -0.355721 -0.546021 -0.528627 
-0.773 -0.317 -0.76096 -0.359373 -0.557983 -0.528715 
-0.739 -0.345 -0.765589 -0.355645 -0.53894 -0.535273 
-0.753 -0.348 -0.771935 -0.346438 -0.526611 -0.546072 
-0.743 -0.345 -0.772607 -0.33945 -0.528076 -0.55279 
-0.751 -0.325 -0.7662 -0.339514 -0.544434 -0.550498 
-0.765 -0.313 -0.758519 -0.342678 -0.556396 -0.543764 
-0.738 -0.366 -0.755572 -0.342339 -0.499634 -0.540363 
-0.76 -0.312 -0.757801 -0.338676 -0.556885 -0.541136 
-0.753 -0.341 -0.761405 -0.336137 -0.551025 -0.542582 
-0.764 -0.319 -0.763699 -0.335913 -0.557007 -0.544858 
-0.773 -0.335 -0.765531 -0.335628 -0.533569 -0.55 
-0.736 -0.362 -0.768176 -0.335092 -0.515747 -0.554684 
-0.753 -0.339 -0.769873 -0.337159 -0.523438 -0.552714 
-0.757 -0.352 -0.7679 -0.343274 -0.52356 -0.542986 
-0.764 -0.336 -0.763621 -0.350266 -0.540039 -0.531838 
-0.732 -0.386 -0.761216 -0.354285 -0.493896 -0.526292 
-0.739 -0.362 -0.76076 -0.356837 -0.523193 -0.526055 
-0.756 -0.344 -0.758904 -0.36118 -0.520264 -0.526179 
-0.762 -0.333 -0.755753 -0.365155 -0.541504 -0.525181 
-0.77 -0.329 -0.755844 -0.362663 -0.553345 -0.526922 
-0.747 -0.331 -0.761408 -0.352368 -0.543823 -0.53448 
-0.767 -0.316 -0.768663 -0.33952 -0.572876 -0.546173 
-0.769 -0.328 -0.772825 -0.329907 -0.550903 -0.557693 
-0.754 -0.345 -0.7734 -0.326053 -0.53894 -0.565122 
-0.744 -0.354 -0.772131 -0.328572 -0.523926 -0.565448 
-0.771 -0.345 -0.769387 -0.33683 -0.538574 -0.557793 
-0.753 -0.344 -0.766226 -0.347089 -0.540527 -0.546474 
-0.761 -0.337 -0.76497 -0.353747 -0.544922 -0.538844 
-0.734 -0.393 -0.765702 -0.354832 -0.491333 -0.537938 
-0.764 -0.354 -0.765488 -0.355217 -0.521729 -0.538371 
-0.727 -0.36 -0.76272 -0.359819 -0.515137 -0.533796 
-0.744 -0.354 -0.758095 -0.366427 -0.521606 -0.525471 
-0.75 -0.355 -0.753324 -0.369082 -0.51709 -0.5198 
-0.763 -0.336 -0.750847 -0.365875 -0.537231 -0.520072 
-0.72 -0.367 -0.752547 -0.359338 -0.490112 -0.524425 
-0.778 -0.318 -0.756274 -0.353359 -0.551392 -0.528196 
-0.762 -0.339 -0.759505 -0.349188 -0.551025 -0.530073 
-0.768 -0.358 -0.763319 -0.345775 -0.525513 -0.533656 
-0.746 -0.353 -0.76875 -0.344006 -0.51355 -0.539877 
-0.742 -0.379 -0.772196 -0.347123 -0.48645 -0.542101 
-0.754 -0.35 -0.769782 -0.355607 -0.512939 -0.534225 
-0.755 -0.356 -0.763043 -0.364867 -0.516357 -0.519789 
-0.761 -0.335 -0.757876 -0.368727 -0.536621 -0.509554 
-0.754 -0.318 -0.75826 -0.363805 -0.549927 -0.511792 
-0.764 -0.324 -0.762842 -0.35148 -0.54895 -0.525801 
-0.771 -0.315 -0.768032 -0.336659 -0.551636 -0.543833 
-0.759 -0.352 -0.771933 -0.32564 -0.52832 -0.556926 
-0.755 -0.343 -0.774048 -0.32362 -0.535034 -0.559807 
-0.76 -0.33 -0.77366 -0.330832 -0.553223 -0.553867 
-0.776 -0.327 -0.771338 -0.340799 -0.5625 -0.546753 
-0.754 -0.348 -0.769903 -0.345575 -0.523193 -0.545833 
-0.77 -0.35 -0.770981 -0.34432 -0.535034 -0.549867 
-0.74 -0.358 -0.772785 -0.343026 -0.515869 -0.551232 
-0.761 -0.332 -0.772112 -0.346079 -0.536133 -0.545739 
-0.755 -0.336 -0.768395 -0.350806 -0.527832 -0.537123 
-0.748 -0.353 -0.764114 -0.351981 -0.536987 -0.531721 
-0.722 -0.368 -0.761029 -0.349738 -0.503906 -0.531761 
-0.763 -0.326 -0.757692 -0.349115 -0.555542 -0.533955 
-0.756 -0.37 -0.754128 -0.35178 -0.499023 -0.535088 
-0.769 -0.301 -0.754033 -0.354191 -0.573608 -0.535075 
-0.764 -0.34 -0.759849 -0.351745 -0.538086 -0.536877 
-0.764 -0.323 -0.768713 -0.343771 -0.553101 -0.542686 
-0.759 -0.341 -0.775463 -0.334512 -0.520264 -0.550451 
-0.742 -0.356 -0.776674 -0.330477 -0.512085 -0.553463 
-0.759 -0.326 -0.772219 -0.334293 -0.550659 -0.547833 
-0.747 -0.333 -0.765204 -0.341869 -0.554321 -0.538722 
-0.749 -0.305 -0.759702 -0.345487 -0.553467 -0.53621 
-0.746 -0.368 -0.757496 -0.34147 -0.518921 -0.543308 
-0.78 -0.323 -0.757974 -0.335122 -0.552856 -0.552078 
-0.778 -0.333 -0.761665 -0.333434 -0.543945 -0.554687 
-0.751 -0.309 -0.769191 -0.336004 -0.56604 -0.552378 
-0.778 -0.323 -0.777234 -0.336391 -0.569458 -0.552137 
-0.758 -0.322 -0.780985 -0.331741 -0.547485 -0.557546 
-0.725 -0.368 -0.778774 -0.326325 -0.490356 -0.563827 
-0.764 -0.329 -0.771397 -0.327317 -0.535156 -0.561107 
-0.763 -0.347 -0.762228 -0.336063 -0.537964 -0.547082 
-0.75 -0.351 -0.7573 -0.346509 -0.532104 -0.532122 
-0.743 -0.353 -0.75896 -0.352757 -0.515137 -0.526895 
-0.774 -0.305 -0.762936 -0.353842 -0.568604 -0.530988 
-0.771 -0.331 -0.765889 -0.34957 -0.557129 -0.539343 
-0.749 -0.355 -0.76884 -0.341039 -0.526123 -0.549006 
-0.742 -0.361 -0.771492 -0.334729 -0.519043 -0.555666 
-0.77 -0.319 -0.770702 -0.337209 -0.557739 -0.554135 
-0.764 -0.341 -0.766925 -0.345164 -0.542725 -0.54686 
-0.75 -0.351 -0.764771 -0.349815 -0.518188 -0.541828 
-0.778 -0.34 -0.766377 -0.348718 -0.532715 -0.541362 
-0.733 -0.358 -0.769512 -0.346521 -0.521118 -0.541093 
-0.735 -0.338 -0.770024 -0.347093 -0.528931 -0.538129 
-0.758 -0.322 -0.765143 -0.349266 -0.542236 -0.534365 
-0.741 -0.346 -0.757162 -0.348952 -0.543579 -0.533582 
-0.743 -0.347 -0.751728 -0.345072 -0.523926 -0.537331 
-0.735 -0.329 -0.750813 -0.341457 -0.535645 -0.54244 
-0.736 -0.334 -0.75138 -0.340789 -0.526367 -0.544309 
-0.749 -0.343 -0.750649 -0.341392 -0.524048 -0.541737 
-0.758 -0.366 -0.749591 -0.342087 -0.514893 -0.536755 
-0.77 -0.346 -0.751659 -0.344972 -0.543701 -0.531872 
-0.753 -0.34 -0.758473 -0.350624 -0.52771 -0.529807 
-0.765 -0.325 -0.767071 -0.354782 -0.553833 -0.532376 
-0.77 -0.321 -0.773005 -0.352279 -0.547974 -0.539147 
-0.777 -0.302 -0.775344 -0.342474 -0.564697 -0.547884 
-0.768 -0.314 -0.776763 -0.329099 -0.556274 -0.556489 
-0.739 -0.339 -0.778326 -0.31796 -0.523438 -0.56248 
-0.761 -0.317 -0.777259 -0.314477 -0.55188 -0.562717 
-0.747 -0.333 -0.771705 -0.319407 -0.529785 -0.556739 
-0.766 -0.326 -0.764572 -0.327727 -0.545654 -0.548638 
-0.735 -0.359 -0.76043 -0.334206 -0.519775 -0.543156 
-0.759 -0.351 -0.759861 -0.33898 -0.524902 -0.540588 
-0.768 -0.327 -0.760864 -0.344336 -0.567505 -0.539115 
-0.753 -0.337 -0.762842 -0.348811 -0.53894 -0.53982 
-0.742 -0.364 -0.765618 -0.349277 -0.514526 -0.544057 
-0.739 -0.351 -0.766355 -0.347706 -0.520874 -0.547377 
-0.756 -0.367 -0.762673 -0.349265 -0.509521 -0.543567 
-0.765 -0.339 -0.757389 -0.354989 -0.556396 -0.533919 
-0.735 -0.35 -0.75573 -0.360285 -0.525391 -0.527112 
-0.744 -0.349 -0.758009 -0.360744 -0.520752 -0.528716 
-0.734 -0.362 -0.759313 -0.357066 -0.509644 -0.53451 
-0.761 -0.33 -0.756678 -0.35363 -0.527832 -0.53618 
-0.785 -0.303 -0.753935 -0.351258 -0.569946 -0.53293 
-0.75 -0.333 -0.757276 -0.345729 -0.536987 -0.532519 
-0.744 -0.332 -0.766208 -0.335829 -0.547852 -0.539987 
-0.748 -0.348 -0.772442 -0.32777 -0.520142 -0.550301 
-0.751 -0.353 -0.770048 -0.328453 -0.515015 -0.553921 
-0.752 -0.325 -0.762316 -0.337367 -0.540649 -0.547363 
-0.776 -0.361 -0.756901 -0.347302 -0.528809 -0.536496 
-0.743 -0.346 -0.758297 -0.3524 -0.515137 -0.529828 
-0.754 -0.349 -0.764113 -0.353043 -0.529053 -0.529399 
-0.754 -0.343 -0.768197 -0.352455 -0.542236 -0.531631 
-0.763 -0.313 -0.767624 -0.351158 -0.550903 -0.534821 
-0.771 -0.344 -0.765524 -0.347236 -0.537842 -0.5401 
-0.726 -0.35 -0.765548 -0.34123 -0.523926 -0.546275 
-0.769 -0.316 -0.766428 -0.337338 -0.563599 -0.549542 
-0.75 -0.338 -0.765397 -0.337345 -0.52832 -0.549164 
-0.752 -0.316 -0.763063 -0.337996 -0.558838 -0.548162 
-0.757 -0.336 -0.761805 -0.336199 -0.537964 -0.548977 
-0.729 -0.364 -0.761584 -0.333684 -0.507446 -0.550244 
-0.744 -0.33 -0.760173 -0.33501 -0.542847 -0.548239 
-0.743 -0.368 -0.756218 -0.341697 -0.502563 -0.541482 
-0.766 -0.332 -0.75195 -0.350141 -0.546021 -0.53316 
-0.764 -0.327 -0.752071 -0.354836 -0.550537 -0.528906 
-0.762 -0.335 -0.758466 -0.352527 -0.544922 -0.53249 
-0.744 -0.347 -0.767372 -0.344867 -0.523682 -0.542112 
-0.761 -0.345 -0.772331 -0.338442 -0.543213 -0.550128 
-0.747 -0.331 -0.7707 -0.338181 -0.540283 -0.55114 
-0.771 -0.339 -0.76572 -0.342131 -0.545532 -0.547472 
-0.742 -0.327 -0.762557 -0.344825 -0.554321 -0.545121 
-0.746 -0.338 -0.762481 -0.343467 -0.535034 -0.547006 
-0.742 -0.348 -0.762492 -0.340031 -0.531982 -0.550716 
-0.773 -0.328 -0.7604 -0.338358 -0.546509 -0.551771 
-0.753 -0.35 -0.758844 -0.339834 -0.534058 -0.549083 
-0.738 -0.35 -0.760564 -0.343049 -0.525635 -0.545241 
-0.756 -0.331 -0.763261 -0.346407 -0.544678 -0.542245 
-0.754 -0.343 -0.763304 -0.348455 -0.534302 -0.54069 
-0.74 -0.33 -0.761102 -0.347723 -0.553955 -0.5413 
-0.753 -0.326 -0.758888 -0.34419 -0.543701 -0.544557 
-0.755 -0.325 -0.757662 -0.339152 -0.541382 -0.54922 
-0.779 -0.311 -0.758502 -0.333694 -0.576172 -0.55337 
-0.795 -0.291 -0.763705 -0.327757 -0.593018 -0.557885 
-0.764 -0.344 -0.774101 -0.32096 -0.53125 -0.565475 
-0.752 -0.357 -0.785061 -0.316823 -0.519653 -0.572512 
-0.742 -0.351 -0.788196 -0.321871 -0.528442 -0.569592 
-0.752 -0.35 -0.77978 -0.336758 -0.523071 -0.55436 
-0.754 -0.331 -0.765652 -0.352588 -0.539795 -0.536415 
-0.768 -0.333 -0.755789 -0.359162 -0.533569 -0.527059 
-0.757 -0.313 -0.755728 -0.353653 -0.54834 -0.529437 
-0.76 -0.341 -0.762906 -0.341164 -0.548584 -0.538954 
-0.754 -0.347 -0.770291 -0.330693 -0.526489 -0.548598 
-0.752 -0.342 -0.772624 -0.329185 -0.534302 -0.552828 
-0.755 -0.339 -0.769697 -0.3364 -0.548218 -0.550299 
-0.758 -0.358 -0.764963 -0.34578 -0.527466 -0.544961 
-0.771 -0.315 -0.762488 -0.351295 -0.564697 -0.542128 
-0.772 -0.338 -0.764629 -0.350532 -0.542603 -0.544268 
-0.76 -0.331 -0.770592 -0.344568 -0.557373 -0.550182 
-0.762 -0.339 -0.776488 -0.337565 -0.539429 -0.556421 
-0.756 -0.348 -0.778258 -0.334508 -0.513428 -0.558559 
-0.753 -0.331 -0.775096 -0.33694 -0.541504 -0.553835 
-0.748 -0.33 -0.769323 -0.341706 -0.531128 -0.544377 
-0.77 -0.324 -0.764059 -0.343705 -0.556763 -0.536923 
-0.773 -0.339 -0.762442 -0.340768 -0.546875 -0.537258 
-0.746 -0.319 -0.765833 -0.335626 -0.547241 -0.544763 
-0.755 -0.333 -0.770925 -0.331931 -0.537842 -0.553477 
-0.755 -0.326 -0.772319 -0.330816 -0.551025 -0.557453 
-0.771 -0.315 -0.769184 -0.331014 -0.56665 -0.556411 
-0.752 -0.327 -0.765993 -0.330594 -0.537842 -0.554998 
-0.743 -0.344 -0.765602 -0.329191 -0.527832 -0.555513 
-0.772 -0.327 -0.76621 -0.329212 -0.5448 -0.55484 
-0.746 -0.344 -0.765914 -0.332472 -0.528198 -0.550458 
-0.747 -0.357 -0.765039 -0.337985 -0.508667 -0.543911 
-0.757 -0.325 -0.763742 -0.34386 -0.55603 -0.537554 
-0.789 -0.301 -0.762699 -0.347034 -0.57959 -0.53494 
-0.759 -0.333 -0.765103 -0.343235 -0.547119 -0.54104 
-0.743 -0.343 -0.77134 -0.333566 -0.524048 -0.554121 
-0.752 -0.352 -0.775522 -0.32687 -0.518188 -0.562665 
-0.734 -0.354 -0.772105 -0.330619 -0.527588 -0.557458 
-0.759 -0.304 -0.762791 -0.341897 -0.579468 -0.54342 
-0.755 -0.33 -0.754593 -0.349576 -0.554565 -0.535482 
-0.763 -0.315 -0.75318 -0.345894 -0.559692 -0.542418 
-0.755 -0.334 -0.75865 -0.334178 -0.536987 -0.557817 
-0.755 -0.333 -0.765991 -0.324558 -0.548828 -0.567987 
-0.759 -0.328 -0.770072 -0.323382 -0.555664 -0.566747 
-0.752 -0.34 -0.769637 -0.329115 -0.531494 -0.558864 
-0.769 -0.33 -0.767093 -0.336098 -0.547729 -0.551708 
-0.778 -0.31 -0.766185 -0.339629 -0.555786 -0.548551 
-0.762 -0.318 -0.769357 -0.33741 -0.551514 -0.549622 
-0.754 -0.329 -0.774953 -0.330483 -0.543213 -0.553646 
-0.739 -0.356 -0.777512 -0.324416 -0.519897 -0.556803 
-0.754 -0.342 -0.773104 -0.325893 -0.547974 -0.554877 
-0.758 -0.331 -0.764251 -0.335361 -0.544434 -0.548603 
-0.772 -0.332 -0.75804 -0.345417 -0.543701 -0.543629 
-0.742 -0.344 -0.759141 -0.348623 -0.532593 -0.543737 
-0.763 -0.341 -0.76484 -0.345384 -0.529785 -0.546396 
-0.765 -0.308 -0.769281 -0.340937 -0.566895 -0.547505 
-0.764 -0.315 -0.770518 -0.33697 -0.555176 -0.547919 
-0.766 -0.313 -0.770852 -0.331241 -0.577515 -0.551885 
-0.77 -0.325 -0.772176 -0.323785 -0.561035 -0.560734 
-0.752 -0.353 -0.774173 -0.319219 -0.521729 -0.56968 
-0.752 -0.337 -0.774792 -0.322409 -0.539307 -0.570985 
-0.755 -0.346 -0.772163 -0.332891 -0.547729 -0.5619 
-0.753 -0.357 -0.767094 -0.344827 -0.527222 -0.54895 
-0.756 -0.343 -0.76268 -0.352859 -0.539795 -0.540624 
-0.759 -0.346 -0.761227 -0.355725 -0.533936 -0.538991 
-0.76 -0.344 -0.762769 -0.354634 -0.534912 -0.540874 
-0.773 -0.356 -0.766103 -0.351843 -0.539063 -0.542901 
-0.753 -0.344 -0.77 -0.350164 -0.535522 -0.543686 
-0.741 -0.366 -0.772463 -0.351095 -0.508057 -0.543015 
-0.756 -0.336 -0.770875 -0.354035 -0.535522 -0.540079 
-0.758 -0.334 -0.765507 -0.356163 -0.539795 -0.535525 
-0.765 -0.341 -0.760918 -0.354304 -0.545532 -0.5333 
-0.749 -0.359 -0.761071 -0.348893 -0.529297 -0.536513 
-0.749 -0.333 -0.764496 -0.344792 -0.537354 -0.542577 
-0.752 -0.331 -0.766515 -0.34467 -0.544434 -0.546545 
-0.757 -0.344 -0.764996 -0.345695 -0.542114 -0.547106 
-0.751 -0.348 -0.762157 -0.345046 -0.53125 -0.546468 
-0.762 -0.327 -0.760963 -0.34386 -0.541016 -0.545967 
-0.753 -0.362 -0.762226 -0.343812 -0.516235 -0.544908 
-0.765 -0.316 -0.764813 -0.344818 -0.549316 -0.542459 
-0.781 -0.338 -0.767844 -0.345123 -0.533691 -0.539886 
-0.769 -0.323 -0.771933 -0.342867 -0.556519 -0.539831 
-0.741 -0.347 -0.776685 -0.338393 -0.540649 -0.543706 
-0.741 -0.367 -0.777904 -0.335907 -0.5177 -0.548957 
-0.746 -0.368 -0.771736 -0.34026 -0.510498 -0.549967 
-0.748 -0.349 -0.760785 -0.351688 -0.53772 -0.543285 
-0.758 -0.351 -0.752382 -0.363523 -0.518677 -0.532929 
-0.765 -0.319 -0.751666 -0.36742 -0.549927 -0.526781 
-0.768 -0.344 -0.758279 -0.36048 -0.530151 -0.528878 
-0.776 -0.317 -0.768148 -0.347373 -0.560913 -0.536936 
-0.762 -0.355 -0.776792 -0.335928 -0.518188 -0.545941 
-0.742 -0.337 -0.78074 -0.332019 -0.543945 -0.55086 
-0.754 -0.336 -0.777902 -0.335827 -0.536377 -0.549872 
-0.765 -0.333 -0.769923 -0.342271 -0.549927 -0.545828 
-0.765 -0.341 -0.762954 -0.345488 -0.541992 -0.543834 
-0.77 -0.323 -0.762525 -0.344061 -0.550903 -0.545953 
-0.757 -0.328 -0.768145 -0.340013 -0.546753 -0.550431 
-0.777 -0.325 -0.774666 -0.335434 -0.554932 -0.554502 
-0.76 -0.338 -0.778149 -0.331855 -0.536011 -0.556696 
-0.761 -0.343 -0.778166 -0.331115 -0.54126 -0.55634 
-0.757 -0.342 -0.775896 -0.334327 -0.536255 -0.55334 
-0.745 -0.369 -0.77214 -0.340807 -0.508911 -0.548254 
-0.748 -0.345 -0.76733 -0.348874 -0.53772 -0.541696 
-0.751 -0.349 -0.762159 -0.356065 -0.53064 -0.535272 
-0.771 -0.357 -0.758585 -0.359666 -0.520508 -0.531758 
-0.759 -0.331 -0.759293 -0.358801 -0.542236 -0.53217 
-0.764 -0.344 -0.764476 -0.354791 -0.542969 -0.53515 
-0.746 -0.335 -0.770465 -0.349432 -0.546997 -0.539769 
-0.739 -0.328 -0.772197 -0.344275 -0.540405 -0.545419 
-0.782 -0.327 -0.768187 -0.340098 -0.560059 -0.550493 
-0.766 -0.342 -0.763416 -0.33679 -0.538086 -0.553921 
-0.751 -0.355 -0.764046 -0.335511 -0.509155 -0.554711 
-0.759 -0.348 -0.769186 -0.338547 -0.538452 -0.550727 
-0.771 -0.314 -0.772918 -0.344956 -0.556885 -0.54288 
-0.746 -0.354 -0.772859 -0.349121 -0.517456 -0.537435 
-0.744 -0.342 -0.770268 -0.347778 -0.539551 -0.538077 
-0.774 -0.307 -0.766351 -0.343626 -0.567261 -0.542056 
-0.782 -0.331 -0.763867 -0.339205 -0.549438 -0.547055 
-0.764 -0.317 -0.766912 -0.333964 -0.547119 -0.553289 
-0.755 -0.321 -0.774603 -0.328335 -0.549438 -0.558819 
-0.763 -0.317 -0.780159 -0.324318 -0.540894 -0.560438 
-0.761 -0.307 -0.779029 -0.322283 -0.555054 -0.558 
-0.746 -0.363 -0.773312 -0.321752 -0.505249 -0.553735 
-0.759 -0.355 -0.767321 -0.324968 -0.53125 -0.548087 
-0.764 -0.338 -0.763658 -0.334619 -0.539551 -0.540833 
-0.748 -0.358 -0.763241 -0.347577 -0.520874 -0.534608 
-0.752 -0.337 -0.764848 -0.356562 -0.532959 -0.532575 
-0.771 -0.322 -0.765989 -0.357431 -0.562378 -0.534664 
-0.775 -0.323 -0.766746 -0.350679 -0.572144 -0.540638 
-0.781 -0.31 -0.770001 -0.339343 -0.570312 -0.551523 
-0.768 -0.331 -0.776726 -0.328029 -0.541748 -0.56487 
-0.766 -0.332 -0.78349 -0.321525 -0.539795 -0.573158 
-0.754 -0.345 -0.785587 -0.322534 -0.52356 -0.570186 
-0.743 -0.331 -0.781022 -0.329921 -0.542236 -0.557456 
-0.785 -0.314 -0.772307 -0.338232 -0.571045 -0.544151 
-0.765 -0.305 -0.765882 -0.340574 -0.581421 -0.540992 
-0.778 -0.326 -0.767019 -0.334121 -0.567261 -0.55193 
-0.739 -0.354 -0.773943 -0.324384 -0.528809 -0.569084 
-0.76 -0.327 -0.778665 -0.32119 -0.526001 -0.577716 
-0.752 -0.343 -0.775949 -0.328025 -0.539551 -0.569697 
-0.763 -0.308 -0.76839 -0.338267 -0.575562 -0.55232 
-0.739 -0.322 -0.762356 -0.34235 -0.545532 -0.541542 
-0.763 -0.32 -0.760418 -0.337162 -0.567749 -0.545371 
-0.741 -0.341 -0.760931 -0.327998 -0.524902 -0.557376 
-0.749 -0.359 -0.761328 -0.323887 -0.529297 -0.564653 
-0.758 -0.332 -0.760542 -0.329669 -0.543579 -0.560365 
-0.76 -0.335 -0.759667 -0.341204 -0.551025 -0.549115 
-0.764 -0.327 -0.760981 -0.349099 -0.543945 -0.541504 
-0.756 -0.356 -0.764926 -0.348422 -0.532837 -0.542499 
-0.763 -0.314 -0.769236 -0.343 -0.569946 -0.548241 
-0.74 -0.352 -0.771142 -0.338627 -0.520874 -0.553319 
-0.764 -0.335 -0.769369 -0.337669 -0.546997 -0.554925 
-0.756 -0.327 -0.765549 -0.339229 -0.55542 -0.552998 
-0.743 -0.336 -0.76272 -0.340892 -0.53125 -0.550123 
-0.753 -0.343 -0.761811 -0.340671 -0.537598 -0.548807 
-0.771 -0.334 -0.761692 -0.339593 -0.554932 -0.548483 
-0.742 -0.354 -0.762468 -0.33996 -0.5177 -0.548043 
-0.762 -0.317 -0.764307 -0.342161 -0.547363 -0.547038 
