0.404 -0.888 0.00808 -0.01776 0.0512695 0.00102539 
0.42 -0.884 0.053648 -0.117136 0.069458 0.00713135 
0.413 -0.879 0.161956 -0.35102 0.0701904 0.0227183 
0.403 -0.892 0.307646 -0.662773 0.053833 0.0453525 
0.413 -0.877 0.424084 -0.910815 0.0645752 0.0647538 
0.414 -0.89 0.468848 -1.00717 0.055542 0.0724425 
0.405 -0.893 0.454388 -0.978253 0.0541992 0.068983 
0.418 -0.876 0.421444 -0.909551 0.0661621 0.0613126 
0.402 -0.892 0.401319 -0.867244 0.0440674 0.0559121 
0.4 -0.89 0.400516 -0.866206 0.0393066 0.0541587 
0.397 -0.885 0.408389 -0.886849 0.0565186 0.0530563 
0.406 -0.879 0.413055 -0.905031 0.0527344 0.0508053 
0.405 -0.89 0.411528 -0.909312 0.0493164 0.0491953 
0.404 -0.891 0.407928 -0.903028 0.0496826 0.0496971 
0.401 -0.898 0.406327 -0.896152 0.0490723 0.0510878 
0.421 -0.885 0.407362 -0.895249 0.0604248 0.0518696 
0.411 -0.885 0.410301 -0.899094 0.0673828 0.0526706 
0.417 -0.882 0.414434 -0.902264 0.0637207 0.0553414 
0.404 -0.879 0.418295 -0.901249 0.0605469 0.0600308 
0.408 -0.878 0.419692 -0.89683 0.0596924 0.0642465 
0.41 -0.881 0.417909 -0.891948 0.0611572 0.0655058 
0.428 -0.866 0.415062 -0.88877 0.0860596 0.0644412 
0.409 -0.879 0.414696 -0.887191 0.0646973 0.0645591 
0.376 -0.889 0.416848 -0.886442 0.0692139 0.0677149 
0.4 -0.902 0.416369 -0.887593 0.123413 0.072702 
0.314 -0.939 0.408193 -0.893504 0.0743408 0.0792746 
0.313 -0.958 0.390219 -0.906815 0.106445 0.087626 
0.238 -0.978 0.36211 -0.927925 0.0739746 0.0949183 
0.184 -1.007 0.323947 -0.953988 0.0615234 0.0964448 
0.16 -1.055 0.277208 -0.981364 0.0509033 0.0898029 
0.109 -1.062 0.225865 -1.0093 0.0405273 0.0761123 
0.055 -1.106 0.175663 -1.03858 0.0513916 0.0601447 
-0 -1.142 0.128914 -1.06918 0.0180664 0.0473858 
0.04 -1.137 0.0843474 -1.10024 0.0528564 0.0399162 
0.01 -1.15 0.0452327 -1.12927 0.0335693 0.0369469 
-0.064 -1.168 0.0177868 -1.1519 -0.0102539 0.036034 
0.006 -1.182 0.000685387 -1.16649 0.0344238 0.0329316 
0.004 -1.187 -0.0113537 -1.17647 0.0130615 0.0256519 
0.047 -1.141 -0.0160753 -1.18499 0.0501709 0.0186248 
0.048 -1.124 -0.00691908 -1.18878 0.0258789 0.0182684 
0.127 -1.113 0.0163185 -1.18126 0.0803223 0.0257996 
0.106 -1.114 0.0485696 -1.16197 0.03479 0.0381257 
0.116 -1.061 0.0824118 -1.13857 0.0275879 0.0493148 
0.19 -1.035 0.110568 -1.11696 0.0701904 0.0534972 
0.191 -1.016 0.132224 -1.09548 0.0622559 0.0511892 
0.244 -0.984 0.154313 -1.07036 0.0828857 0.0502535 
0.259 -0.96 0.182797 -1.04179 0.0819092 0.0567879 
0.205 -0.981 0.21486 -1.01347 0.02771 0.0678937 
0.322 -0.948 0.241277 -0.99064 0.108643 0.0750419 
0.263 -0.922 0.257922 -0.975976 0.055542 0.0748462 
0.261 -0.929 0.268658 -0.965917 0.0666504 0.071631 
0.301 -0.918 0.276501 -0.955083 0.0946045 0.0701327 
0.274 -0.93 0.281025 -0.943289 0.0687256 0.0715271 
0.293 -0.914 0.283688 -0.934496 0.0899658 0.0754897 
0.257 -0.921 0.28587 -0.930794 0.0802002 0.0802664 
0.316 -0.914 0.286527 -0.930523 0.118652 0.0843628 
0.216 -0.952 0.285312 -0.93138 0.0501709 0.0882967 
0.234 -0.941 0.280166 -0.934251 0.0571289 0.0899158 
0.202 -0.951 0.267 -0.941091 0.0412598 0.0841261 
0.181 -0.966 0.244931 -0.951085 0.0393066 0.0696303 
0.177 -0.98 0.219229 -0.961669 0.0319824 0.0522774 
0.175 -0.979 0.196443 -0.971957 0.0412598 0.0391128 
0.166 -0.965 0.18091 -0.981454 0.0576172 0.033803 
0.128 -1.039 0.172448 -0.989078 0.0289307 0.036083 
0.122 -1.045 0.165379 -0.997712 0.0332031 0.0414755 
0.143 -1.043 0.154125 -1.01323 0.0643311 0.044418 
0.116 -1.065 0.140173 -1.0357 0.0552979 0.0446176 
0.103 -1.064 0.128955 -1.05765 0.0557861 0.0464341 
0.058 -1.068 0.120696 -1.07258 0.0125732 0.0505958 
0.065 -1.086 0.109376 -1.08 0.0251465 0.0511907 
0.266 -1.098 0.0958216 -1.08406 0.166748 0.0464294 
0.114 -1.052 0.0964762 -1.08897 0.0675049 0.0479207 
0.072 -0.988 0.119697 -1.0917 0.0344238 0.064207 
0.259 -0.978 0.147113 -1.08158 0.126465 0.0837445 
0.289 -0.945 0.164066 -1.05237 0.127441 0.0928027 
0.254 -0.925 0.184716 -1.01109 0.0863037 0.0957743 
0.28 -0.924 0.221803 -0.97178 0.09729 0.100863 
0.373 -0.885 0.264355 -0.94373 0.171631 0.107011 
0.359 -0.901 0.29998 -0.927005 0.14502 0.114357 
0.348 -0.888 0.328824 -0.916666 0.153442 0.127067 
0.278 -0.883 0.350055 -0.908893 0.0860596 0.142192 
0.268 -0.913 0.353794 -0.90324 0.0782471 0.147136 
0.224 -0.921 0.333129 -0.901879 0.0535889 0.132547 
0.255 -0.918 0.295032 -0.907374 0.0925293 0.103109 
0.215 -0.909 0.257122 -0.918144 0.0751953 0.0755245 
0.201 -0.965 0.232766 -0.928766 0.0737305 0.0636057 
-0.035 -0.963 0.217019 -0.937729 -0.086792 0.0638927 
0.102 -1.003 0.187283 -0.949447 0.0177002 0.0563819 
0.16 -0.98 0.135393 -0.967286 0.0654297 0.0311322 
0.135 -0.996 0.0889253 -0.987464 0.0606689 0.00639968 
0.155 -1.029 0.0810363 -1.00342 0.074585 0.0071739 
0.149 -1.014 0.109711 -1.01359 0.0610352 0.0334802 
0.179 -1.026 0.14653 -1.02135 0.083252 0.0642158 
0.137 -1.022 0.169091 -1.02868 0.0443115 0.0812942 
0.102 -1.028 0.17157 -1.03449 0.0137939 0.0798425 
0.237 -0.974 0.159907 -1.0368 0.102661 0.0653133 
0.239 -0.992 0.151078 -1.03262 0.106934 0.0517569 
0.06 -1.013 0.160441 -1.0215 -0.0214844 0.0521736 
0.211 -0.987 0.17861 -1.00953 0.078125 0.0612809 
0.244 -0.989 0.185898 -1.00369 0.0996094 0.0646739 
0.211 -0.97 0.185385 -1.00334 0.0643311 0.0625354 
0.192 -0.991 0.193068 -1.0026 0.0526123 0.0643758 
0.155 -1.009 0.206684 -0.999562 0.0314941 0.0687291 
0.251 -0.964 0.211706 -0.997728 0.0909424 0.0674386 
0.278 -0.941 0.208148 -0.997664 0.104492 0.0622019 
0.293 -0.963 0.212994 -0.993502 0.112793 0.0641704 
0.321 -0.951 0.238001 -0.9822 0.150024 0.0800253 
0.294 -0.955 0.275434 -0.969288 0.116577 0.10486 
0.312 -0.944 0.307281 -0.961628 0.144409 0.127571 
0.245 -0.959 0.320537 -0.960171 0.101807 0.139469 
0.231 -0.96 0.312032 -0.962177 0.11499 0.13824 
0.188 -0.982 0.285966 -0.96589 0.0722656 0.127329 
0.201 -0.997 0.250728 -0.972168 0.083374 0.111564 
0.194 -0.975 0.217674 -0.981946 0.0911865 0.0957948 
0.184 -0.999 0.196224 -0.992909 0.0924072 0.0849921 
0.177 -1.003 0.188087 -1.00126 0.0935059 0.0824972 
0.153 -0.989 0.186646 -1.00603 0.0712891 0.0863803 
0.071 -1.038 0.181502 -1.00923 0.00878906 0.088758 
0.111 -1.035 0.163778 -1.0144 0.0397949 0.0802418 
0.136 -1.014 0.135116 -1.02402 0.0601807 0.0601868 
0.106 -1.012 0.110226 -1.03496 0.0395508 0.0405322 
0.08 -1.009 0.101328 -1.03993 0.0219727 0.0328131 
0.152 -0.995 0.104751 -1.03567 0.0721436 0.0357697 
0.13 -1.026 0.111752 -1.02609 0.0529785 0.042364 
0.158 -1.019 0.120549 -1.01875 0.0594482 0.0493342 
0.206 -0.983 0.133506 -1.01817 0.0876465 0.0563043 
0.214 -1.003 0.152388 -1.02099 0.088501 0.0636933 
0.222 -0.956 0.177063 -1.01969 0.0913086 0.0727448 
0.193 -0.997 0.202165 -1.01089 0.0526123 0.0821045 
0.16 -1.006 0.217334 -0.999381 0.0473633 0.0858121 
0.21 -0.971 0.215379 -0.9934 0.0734863 0.0793938 
0.232 -0.946 0.202173 -0.9945 0.0991211 0.0678033 
0.258 -0.916 0.194818 -0.993473 0.101196 0.0632068 
0.249 -0.95 0.205722 -0.981258 0.0866699 0.0720657 
0.244 -0.944 0.230185 -0.961397 0.0952148 0.0879568 
0.222 -0.954 0.252051 -0.946555 0.0870361 0.0993824 
0.206 -0.95 0.257974 -0.944906 0.069458 0.100613 
0.281 -0.947 0.247823 -0.953162 0.125366 0.0943853 
0.246 -0.944 0.235241 -0.96215 0.0965576 0.0889944 
0.252 -0.937 0.234183 -0.965147 0.111816 0.0911828 
0.232 -0.948 0.244434 -0.961648 0.100098 0.0998384 
0.205 -0.965 0.253297 -0.956366 0.0784912 0.1074 
0.237 -0.968 0.250515 -0.955501 0.11084 0.107861 
0.187 -0.989 0.237256 -0.962225 0.0742188 0.101893 
0.192 -0.979 0.221204 -0.974715 0.0772705 0.0941176 
0.137 -1 0.206557 -0.988065 0.0390625 0.0866069 
0.189 -0.959 0.191748 -0.997674 0.0732422 0.0775139 
0.169 -0.983 0.17749 -1.00046 0.0693359 0.0674636 
0.133 -1.003 0.167875 -0.997199 0.0447998 0.0606827 
0.144 -1.012 0.162957 -0.994125 0.0587158 0.0588419 
0.166 -1.021 0.158159 -0.998466 0.0761719 0.0592407 
0.205 -1.016 0.154088 -1.01085 0.0866699 0.0609213 
0.225 -1.009 0.158618 -1.02472 0.102661 0.0665356 
0.221 -1.011 0.176749 -1.03262 0.085083 0.0771779 
0.197 -1.03 0.202241 -1.03257 0.0661621 0.0884417 
0.208 -0.986 0.22124 -1.02864 0.0783691 0.0930798 
0.228 -0.967 0.225482 -1.02369 0.0866699 0.0886914 
0.224 -0.994 0.220081 -1.01572 0.0906982 0.0811898 
0.176 -1.009 0.215188 -1.00494 0.0428467 0.0774941 
0.23 -0.986 0.213434 -0.997951 0.0924072 0.0771286 
0.227 -0.983 0.212625 -0.998857 0.0944824 0.0768063 
0.227 -0.984 0.213912 -1.00309 0.0969238 0.0779465 
0.226 -0.979 0.219454 -1.004 0.0996094 0.0837476 
0.23 -0.984 0.226814 -1.00028 0.0928955 0.0925019 
0.248 -0.976 0.232346 -0.995133 0.113281 0.0996288 
0.248 -0.984 0.236091 -0.991693 0.11731 0.10356 
0.218 -0.996 0.239862 -0.991223 0.0904541 0.106181 
0.11 -0.992 0.239934 -0.993897 0.0166016 0.106331 
0.136 -0.968 0.22524 -0.998413 0.0527344 0.0968622 
0.05 -1 0.189538 -1.00134 -0.00695801 0.0741695 
0.122 -0.999 0.14144 -1.00119 0.0482178 0.045328 
0.153 -0.993 0.101692 -1.00088 0.0570068 0.0240488 
0.152 -1.003 0.089382 -1.00334 0.0562744 0.0203458 
0.15 -1.016 0.107251 -1.00803 0.050293 0.0331417 
0.177 -1.004 0.138544 -1.01352 0.0671387 0.0508053 
0.169 -1.005 0.163637 -1.01853 0.0638428 0.0624821 
0.167 -0.995 0.174987 -1.02112 0.0491943 0.0657715 
0.184 -0.986 0.176121 -1.01952 0.0554199 0.0635359 
0.214 -0.968 0.174942 -1.01343 0.0716553 0.0593974 
0.19 -0.975 0.178859 -1.00382 0.0402832 0.056719 
0.247 -0.928 0.189992 -0.992334 0.0820312 0.0568596 
0.161 -0.95 0.204254 -0.979791 0.0273438 0.0585994 
0.188 -0.94 0.213094 -0.967033 0.0440674 0.058737 
0.251 -0.929 0.211322 -0.95634 0.0936279 0.0557022 
0.259 -0.936 0.206349 -0.94967 0.0936279 0.0541795 
0.265 -0.927 0.212826 -0.946329 0.0966797 0.061763 
0.273 -0.927 0.23441 -0.944402 0.10083 0.0783221 
0.293 -0.93 0.260593 -0.942602 0.121094 0.0956907 
0.332 -0.934 0.28126 -0.940906 0.144775 0.108275 
0.218 -0.95 0.294196 -0.940716 0.0710449 0.116531 
0.242 -0.943 0.296681 -0.94369 0.0878906 0.119347 
0.244 -0.965 0.284281 -0.949915 0.0847168 0.112929 
0.194 -0.973 0.260547 -0.958234 0.0556641 0.0983652 
0.209 -0.97 0.236169 -0.967575 0.0699463 0.0823389 
0.156 -0.999 0.217141 -0.977155 0.0452881 0.0699597 
0.146 -1.005 0.201236 -0.986858 0.0477295 0.0618127 
0.19 -1.004 0.184832 -0.997403 0.0734863 0.0566013 
0.168 -0.996 0.170379 -1.00803 0.0655518 0.0546219 
0.135 -0.993 0.163494 -1.01525 0.048584 0.0569147 
0.115 -0.988 0.161904 -1.01612 0.0332031 0.060464 
0.118 -0.991 0.155962 -1.01143 0.0386963 0.0591879 
0.13 -0.992 0.14181 -1.0051 0.0432129 0.0513297 
0.148 -1.002 0.126882 -1.00131 0.0458984 0.0419932 
0.136 -0.993 0.121434 -1.00194 0.0404053 0.0373907 
0.171 -0.995 0.128141 -1.00557 0.0579834 0.0389475 
0.183 -1.002 0.142399 -1.00905 0.055542 0.0441984 
0.197 -1.026 0.159171 -1.01122 0.0501709 0.0501939 
0.147 -1.018 0.174837 -1.01453 0.0153809 0.0538112 
0.196 -0.975 0.1844 -1.02017 0.0469971 0.0515829 
0.212 -0.987 0.18622 -1.02326 0.0535889 0.0442904 
0.112 -1.016 0.184724 -1.01868 -0.00732422 0.0373896 
0.232 -0.963 0.182638 -1.0095 0.0693359 0.0337597 
0.321 -0.955 0.183368 -1.0013 0.12915 0.0348157 
0.221 -0.96 0.197983 -0.993455 0.0528564 0.0458759 
0.279 -0.959 0.229675 -0.983373 0.105103 0.067083 
0.326 -0.924 0.263544 -0.972723 0.125732 0.0883302 
0.336 -0.919 0.287437 -0.963048 0.129517 0.102633 
0.321 -0.918 0.304787 -0.952717 0.136841 0.113049 
0.187 -0.954 0.317468 -0.941891 0.0299072 0.121241 
0.237 -0.947 0.314022 -0.936023 0.0754395 0.119721 
0.191 -0.941 0.285841 -0.939685 0.0302734 0.101972 
0.194 -0.97 0.243197 -0.95025 0.0489502 0.0736409 
0.134 -0.991 0.205555 -0.962046 0.0142822 0.0481994 
0.163 -1.02 0.181073 -0.974269 0.0495605 0.0334644 
0.153 -0.99 0.166608 -0.989503 0.0333252 0.0294214 
0.161 -1.019 0.158294 -1.00616 0.0474854 0.0322895 
0.091 -1 0.154033 -1.01873 -0.00830078 0.03689 
0.119 -1.007 0.148364 -1.02378 0.0263672 0.0367535 
0.109 -1.006 0.136396 -1.02276 0.0032959 0.0291253 
0.132 -1.001 0.121331 -1.01932 0.0231934 0.0180912 
0.148 -0.975 0.112745 -1.01595 0.0279541 0.0109958 
0.126 -1.02 0.116327 -1.01241 0.0185547 0.011562 
0.162 -1.006 0.128584 -1.00954 0.0196533 0.0174871 
0.211 -0.98 0.142925 -1.00971 0.0596924 0.0238261 
0.168 -0.989 0.157936 -1.01158 0.0281982 0.0290855 
0.111 -1.01 0.172234 -1.01093 -0.00439453 0.0334669 
0.28 -0.95 0.179547 -1.00719 0.0924072 0.0349548 
0.236 -0.967 0.182702 -1.00133 0.0638428 0.0355256 
0.219 -0.958 0.194841 -0.992532 0.0489502 0.0418733 
0.175 -0.956 0.216716 -0.981489 0.0213623 0.0531581 
0.272 -0.924 0.231935 -0.971415 0.0861816 0.0594614 
0.281 -0.933 0.234334 -0.962927 0.0817871 0.0583155 
0.297 -0.922 0.237415 -0.954263 0.104492 0.0589785 
0.306 -0.925 0.25412 -0.945266 0.102661 0.0694559 
0.293 -0.939 0.280571 -0.938358 0.0911865 0.0867005 
0.273 -0.942 0.302526 -0.936333 0.088623 0.100935 
0.197 -0.948 0.307357 -0.940215 0.0283203 0.103773 
0.246 -0.948 0.290452 -0.94805 0.0743408 0.0926645 
0.192 -0.944 0.259245 -0.955881 0.0307617 0.0730218 
0.19 -0.984 0.228137 -0.96114 0.041626 0.0543381 
0.15 -0.999 0.206031 -0.966103 0.0179443 0.0424419 
0.188 -0.977 0.191136 -0.975477 0.0494385 0.0362951 
0.159 -0.998 0.179996 -0.989014 0.0250244 0.0335892 
0.214 -0.997 0.173354 -1.00103 0.0523682 0.0334609 
0.222 -1.003 0.175109 -1.00773 0.0794678 0.0365454 
0.194 -0.994 0.186819 -1.01028 0.0529785 0.0441405 
0.201 -0.991 0.202803 -1.01077 0.060791 0.0549532 
0.209 -0.991 0.213113 -1.00978 0.06604 0.0637912 
0.205 -0.984 0.213822 -1.00726 0.0733643 0.0671591 
0.183 -0.986 0.209094 -1.00375 0.0388184 0.0665898 
0.176 -0.992 0.203043 -1.00041 0.0385742 0.0635425 
0.131 -1.002 0.194956 -0.998917 0.0100098 0.0565203 
0.129 -1.005 0.181455 -1.00089 -0.00292969 0.0438353 
0.142 -1.018 0.162198 -1.00664 0.0146484 0.0270547 
0.154 -1.034 0.143534 -1.01513 0.0267334 0.0119425 
0.149 -1.042 0.134518 -1.02544 0.0189209 0.00550584 
0.16 -1.034 0.137945 -1.03672 0.0136719 0.00920947 
0.23 -1 0.1498 -1.04586 0.0673828 0.0179119 
0.252 -0.985 0.16805 -1.04703 0.0916748 0.0285438 
0.141 -1.007 0.192158 -1.03679 -0.00012207 0.0421806 
0.223 -0.977 0.212653 -1.01981 0.0493164 0.0542102 
0.195 -0.967 0.217896 -1.00459 0.0384521 0.0559528 
0.169 -1.005 0.2091 -0.995277 0.0142822 0.0470403 
0.239 -1.001 0.197562 -0.992477 0.0490723 0.0356674 
0.267 -0.981 0.194258 -0.996195 0.0869141 0.0300523 
0.225 -0.997 0.205987 -1.00313 0.0494385 0.0354735 
0.212 -0.996 0.227845 -1.00778 0.0325928 0.0493502 
0.216 -0.982 0.243548 -1.00814 0.043457 0.0600666 
0.219 -1.007 0.242326 -1.00611 0.0512695 0.0590313 
0.224 -0.986 0.229584 -1.00442 0.0435791 0.0501434 
0.21 -0.982 0.218033 -1.0042 0.0318604 0.0425314 
0.156 -0.991 0.213045 -1.00405 -0.00390625 0.0388215 
0.12 -0.994 0.207417 -1.00257 -0.0289307 0.0331502 
0.144 -0.985 0.190656 -1.00095 0.00732422 0.0195581 
0.125 -0.986 0.163392 -1.00054 -0.020752 0.00108014 
0.142 -0.997 0.138054 -1.00086 -0.0045166 -0.0130129 
0.137 -0.988 0.12588 -1.00138 -0.00842285 -0.017342 
0.193 -0.937 0.128599 -1.00116 0.0340576 -0.0133872 
0.292 -0.929 0.144779 -0.995879 0.100464 -0.00219596 
0.253 -0.924 0.176071 -0.981045 0.0435791 0.0182932 
0.192 -0.949 0.217621 -0.959758 0.0186768 0.0438917 
0.289 -0.936 0.250983 -0.942784 0.09729 0.0614605 
0.273 -0.945 0.263211 -0.938105 0.0743408 0.065195 
0.274 -0.948 0.262591 -0.944103 0.0588379 0.0638612 
0.294 -0.911 0.264389 -0.952586 0.0965576 0.0661707 
0.221 -0.898 0.271924 -0.95474 0.0528564 0.0717353 
0.212 -0.953 0.27593 -0.946838 0.0350342 0.0753053 
0.192 -0.96 0.265513 -0.935913 0.0236816 0.0709659 
0.224 -0.97 0.240677 -0.934952 0.052002 0.0571828 
0.189 -0.975 0.214526 -0.948924 0.0250244 0.0410174 
0.19 -0.981 0.199305 -0.970075 0.0266113 0.0310371 
0.165 -0.986 0.195012 -0.987521 0.0187988 0.0283982 
0.147 -1.013 0.19229 -0.996942 0.00170898 0.0276689 
0.209 -1.013 0.184485 -1.00209 0.0393066 0.0243858 
0.235 -1.011 0.176591 -1.00859 0.067749 0.0208395 
0.229 -0.983 0.180669 -1.01679 0.0720215 0.0246882 
0.208 -1.022 0.199868 -1.02172 0.0529785 0.0394142 
0.232 -1.003 0.222177 -1.02114 0.0830078 0.0581548 
0.197 -1.021 0.233766 -1.01873 0.0471191 0.0709532 
0.203 -1.015 0.23102 -1.01917 0.0427246 0.0731162 
0.144 -1.012 0.21835 -1.02295 0.00109863 0.064987 
0.139 -1.03 0.199685 -1.02754 0.00964355 0.048533 
0.121 -1.037 0.176787 -1.03137 -0.00268555 0.0280654 
0.141 -1.043 0.152935 -1.03577 0.00732422 0.0100126 
0.141 -1.026 0.135011 -1.04199 0.0218506 0.000159218 
0.16 -1.019 0.128956 -1.04755 0.0484619 0.00106842 
0.124 -1.023 0.134367 -1.04824 0.00610352 0.0112175 
0.179 -0.998 0.144184 -1.04282 0.0422363 0.0240138 
0.141 -1.001 0.151932 -1.03348 0.0256348 0.0321488 
0.177 -1.009 0.156266 -1.02351 0.0402832 0.0338254 
0.181 -0.972 0.15977 -1.01558 0.0390625 0.0329267 
0.248 -0.957 0.166596 -1.00918 0.100342 0.0345763 
0.203 -0.973 0.181304 -1.00065 0.0518799 0.0430924 
0.258 -0.948 0.202948 -0.988793 0.0716553 0.0573334 
0.24 -0.97 0.224912 -0.977258 0.0732422 0.0701191 
0.227 -0.967 0.240543 -0.970552 0.0723877 0.075663 
0.195 -0.97 0.246084 -0.97032 0.0317383 0.0744082 
0.213 -0.971 0.239809 -0.974868 0.0646973 0.0683788 
0.24 -0.984 0.225993 -0.980654 0.0670166 0.0602732 
0.254 -0.947 0.215969 -0.984873 0.0817871 0.0554875 
0.228 -0.95 0.219003 -0.985049 0.0653076 0.05846 
0.24 -0.962 0.232169 -0.979667 0.0715332 0.066831 
0.185 -0.98 0.243184 -0.971807 0.0335693 0.0732657 
0.188 -0.979 0.241113 -0.968661 0.0292969 0.0710378 
0.246 -0.95 0.22577 -0.973482 0.0866699 0.0599555 
0.188 -0.988 0.208963 -0.981306 0.041748 0.0486202 
0.201 -1.013 0.20207 -0.986806 0.0552979 0.0458255 
0.252 -0.939 0.205082 -0.990788 0.0966797 0.051572 
0.22 -0.955 0.212889 -0.993133 0.0686035 0.0611419 
0.21 -0.984 0.22226 -0.989621 0.0675049 0.070991 
0.188 -1.007 0.22813 -0.982136 0.0443115 0.0768036 
0.167 -1.001 0.223963 -0.980978 0.0206299 0.0736258 
0.179 -1.014 0.208757 -0.991703 0.0588379 0.0610337 
0.14 -0.999 0.188615 -1.00857 0.0203857 0.0454834 
0.111 -0.979 0.169861 -1.0209 0.0115967 0.0342821 
0.097 -0.991 0.152578 -1.02181 -0.00109863 0.0277669 
0.128 -0.997 0.134191 -1.01295 0.0163574 0.0211841 
0.113 -0.997 0.117725 -1.00293 0.00744629 0.013416 
0.199 -0.984 0.111109 -0.999124 0.0594482 0.00870273 
0.17 -1.008 0.120812 -1.00153 0.0560303 0.0127523 
0.178 -1.008 0.144677 -1.00635 0.0258789 0.0264231 
0.23 -0.995 0.171973 -1.01123 0.0722656 0.0426237 
0.299 -0.972 0.195055 -1.01431 0.121704 0.0546059 
0.272 -0.991 0.218417 -1.01247 0.119629 0.0660451 
0.164 -0.986 0.244704 -1.00552 0.0307617 0.0823442 
0.229 -0.953 0.260478 -0.997403 0.0592041 0.0953383 
0.268 -0.965 0.253808 -0.990559 0.0864258 0.0926106 
0.239 -0.968 0.23609 -0.984088 0.0800781 0.0776496 
0.262 -0.951 0.228707 -0.977968 0.0935059 0.0667575 
0.243 -0.957 0.237313 -0.973452 0.071167 0.068929 
0.175 -0.985 0.249819 -0.971087 0.0393066 0.0778815 
0.203 -0.974 0.250178 -0.972119 0.0465088 0.0806753 
0.216 -0.963 0.233399 -0.977292 0.0516357 0.0711692 
0.242 -0.98 0.211812 -0.983599 0.112427 0.0568753 
0.284 -0.975 0.204323 -0.987113 0.125122 0.0532797 
0.215 -0.964 0.218227 -0.98736 0.0787354 0.0685382 
0.164 -0.984 0.240284 -0.986062 0.0385742 0.0919779 
0.173 -1.003 0.246509 -0.985587 0.0460205 0.101756 
0.163 -1.017 0.225757 -0.989535 0.046875 0.0876718 
0.174 -1.025 0.191032 -1.00043 0.0584717 0.0612664 
0.154 -1.002 0.164122 -1.01575 0.0394287 0.0417986 
0.16 -0.999 0.154814 -1.02801 0.0321045 0.0371636 
0.149 -1 0.157544 -1.03058 0.0384521 0.0408852 
0.118 -1.021 0.160908 -1.02429 0.0168457 0.0429973 
0.112 -1 0.156483 -1.01691 0.0310059 0.0392683 
0.088 -1.002 0.142215 -1.01457 -0.00305176 0.0314007 
0.193 -0.994 0.124095 -1.01611 0.0794678 0.0236761 
0.18 -1.02 0.116169 -1.01716 0.0534668 0.0225931 
0.175 -1.007 0.129258 -1.01701 0.0651855 0.0324539 
0.184 -0.976 0.157588 -1.01719 0.059082 0.0494235 
0.219 -1.001 0.18395 -1.01638 0.0675049 0.0636909 
0.229 -0.97 0.199421 -1.01197 0.0843506 0.0699776 
0.266 -0.966 0.209225 -1.004 0.108643 0.0718449 
0.159 -0.993 0.220388 -0.994873 0.039917 0.0755415 
0.117 -0.944 0.226831 -0.987538 0.052002 0.0797472 
0.061 -1.051 0.212259 -0.984621 0.0545654 0.0771439 
0.025 -0.948 0.16862 -0.988467 0.0960693 0.0670659 
-0.347 -0.883 0.10007 -0.99469 -0.150269 0.055107 
-0.687 -0.848 -0.0044526 -0.988015 -0.377075 0.0284932 
-0.414 -0.926 -0.168726 -0.957053 -0.0924072 -0.0404406 
-0.403 -0.87 -0.36692 -0.914837 -0.0515137 -0.139007 
-0.414 -0.944 -0.511197 -0.887307 -0.0310059 -0.200875 
-0.316 -0.944 -0.538423 -0.888248 0.0174561 -0.178192 
-0.328 -0.937 -0.470979 -0.911575 -0.0515137 -0.0953512 
-0.292 -0.963 -0.377379 -0.940897 -0.144653 -0.0184554 
-0.315 -0.932 -0.311197 -0.961389 -0.261841 -0.00185537 
-0.328 -0.935 -0.288837 -0.967437 -0.398315 -0.0617419 
-0.337 -0.952 -0.298611 -0.962338 -0.503418 -0.17906 
-0.329 -0.994 -0.320179 -0.955173 -0.628052 -0.320045 
-0.388 -1.008 -0.338501 -0.957221 -0.839355 -0.459447 
-0.384 -1.063 -0.350864 -0.974916 -0.935181 -0.593514 
-0.353 -1.1 -0.362098 -1.00685 -0.975708 -0.728911 
-0.379 -1.109 -0.373025 -1.04673 -1.00964 -0.859309 
-0.391 -1.122 -0.37972 -1.0863 -0.986328 -0.962264 
-0.354 -1.112 -0.381581 -1.11698 -0.862793 -1.01669 
-0.381 -1.07 -0.380928 -1.13263 -0.718506 -1.01177 
-0.446 -1.052 -0.380541 -1.13054 -0.572388 -0.945465 
-1.431 0.315 -0.406589 -1.08523 -1.40344 -0.845926 
-0.669 -0.669 -0.520505 -0.926473 -0.397949 -0.786361 
-0.687 -0.676 -0.721939 -0.655129 -0.223755 -0.785891 
-0.557 -0.788 -0.888646 -0.426825 0.0968018 -0.740384 
-0.662 -0.68 -0.89724 -0.402923 0.0738525 -0.54029 
-0.655 -0.665 -0.77186 -0.554582 0.0560303 -0.228095 
-0.669 -0.602 -0.636401 -0.720883 -0.085083 0.0432636 
-0.618 -0.618 -0.581164 -0.780308 -0.217773 0.150689 
-0.658 -0.561 -0.603661 -0.729026 -0.382813 0.0796423 
-0.652 -0.596 -0.649559 -0.637491 -0.41272 -0.0975618 
-0.652 -0.662 -0.676441 -0.574231 -0.436646 -0.285204 
-0.669 -0.656 -0.677557 -0.567083 -0.572876 -0.417977 
-0.642 -0.705 -0.667213 -0.604811 -0.637817 -0.487826 
-0.664 -0.679 -0.659389 -0.65681 -0.85376 -0.533861 
-0.668 -0.73 -0.658723 -0.696343 -1.01184 -0.606017 
-0.68 -0.779 -0.663715 -0.716662 -1.17334 -0.731303 
-0.713 -0.819 -0.672593 -0.730245 -1.33032 -0.90283 
-0.684 -0.876 -0.684501 -0.754349 -1.39795 -1.08991 
-0.686 -0.909 -0.69669 -0.795753 -1.4187 -1.25723 
-0.678 -0.944 -0.703798 -0.848131 -1.37463 -1.37717 
-0.646 -0.97 -0.701797 -0.899733 -1.20203 -1.43258 
-0.615 -0.959 -0.690298 -0.941184 -1.04333 -1.41441 
-0.612 -0.894 -0.670737 -0.966559 -0.8927 -1.32298 
-0.588 -0.849 -0.646567 -0.969717 -0.712646 -1.17415 
-0.639 -0.794 -0.62426 -0.946071 -0.58606 -0.996733 
-0.678 -0.698 -0.613023 -0.897952 -0.418701 -0.818464 
-0.705 -0.627 -0.621258 -0.83291 -0.299316 -0.654315 
-0.712 -0.593 -0.649484 -0.758796 -0.166504 -0.506083 
-0.678 -0.605 -0.685799 -0.685638 -0.101074 -0.370131 
-0.737 -0.537 -0.713118 -0.626738 -0.232544 -0.250884 
-0.761 -0.54 -0.724996 -0.589097 -0.375244 -0.172446 
-0.734 -0.585 -0.730256 -0.56887 -0.484131 -0.168717 
-0.684 -0.583 -0.737468 -0.560991 -0.633667 -0.251621 
-0.636 -0.573 -0.740255 -0.56455 -0.784424 -0.396175 
-0.539 -0.62 -0.723706 -0.576507 -0.918457 -0.562105 
-0.514 -0.606 -0.679562 -0.591151 -1.09033 -0.72206 
-0.433 -0.661 -0.613708 -0.605655 -1.25818 -0.871012 
-0.404 -0.696 -0.541121 -0.622152 -1.42505 -1.01877 
-0.383 -0.656 -0.476052 -0.643709 -1.5249 -1.17464 
-0.227 -0.617 -0.423544 -0.666119 -1.46118 -1.33109 
-0.231 -0.791 -0.37558 -0.679726 -1.43726 -1.45811 
-0.042 -0.654 -0.317971 -0.686059 -1.22205 -1.51832 
-0.068 -0.715 -0.242329 -0.694673 -1.12659 -1.49003 
-0 -0.679 -0.15539 -0.705879 -1.0022 -1.38219 
0.061 -0.625 -0.0740898 -0.709783 -0.881836 -1.23038 
0.146 -0.596 -0.00995131 -0.698558 -0.735474 -1.07528 
0.193 -0.563 0.0428105 -0.670226 -0.649048 -0.93797 
0.257 -0.489 0.0971822 -0.629356 -0.575684 -0.818882 
0.279 -0.449 0.158115 -0.582439 -0.569092 -0.714929 
0.333 -0.425 0.219639 -0.533218 -0.586182 -0.631954 
0.385 -0.402 0.273876 -0.485323 -0.59082 -0.581217 
0.433 -0.356 0.319804 -0.443847 -0.605469 -0.566954 
0.46 -0.378 0.362616 -0.411383 -0.603638 -0.579374 
0.486 -0.372 0.405659 -0.388148 -0.609863 -0.600549 
0.542 -0.367 0.447188 -0.374757 -0.55481 -0.615026 
0.551 -0.361 0.484946 -0.370481 -0.557129 -0.614339 
0.536 -0.435 0.517951 -0.372289 -0.630005 -0.600112 
0.546 -0.447 0.542986 -0.38079 -0.588867 -0.585669 
0.532 -0.504 0.555614 -0.400798 -0.606934 -0.584577 
0.533 -0.522 0.555746 -0.434143 -0.566284 -0.595671 
0.511 -0.55 0.548227 -0.475191 -0.570801 -0.605127 
0.475 -0.615 0.537369 -0.515826 -0.559937 -0.602453 
0.472 -0.665 0.523429 -0.553432 -0.542969 -0.588503 
0.413 -0.721 0.504628 -0.592894 -0.554565 -0.571359 
0.373 -0.779 0.479402 -0.640012 -0.567139 -0.558885 
0.357 -0.803 0.446968 -0.69477 -0.554199 -0.55521 
0.292 -0.871 0.408791 -0.751371 -0.566528 -0.559235 
0.878 -0.578 0.380423 -0.797475 -0.0953369 -0.556566 
0.343 -0.956 0.398292 -0.814875 -0.49585 -0.516995 
0.315 -1.063 0.464469 -0.81132 -0.476685 -0.439577 
0.176 -0.958 0.509674 -0.831259 -0.559204 -0.379202 
0.137 -1.096 0.460408 -0.902164 -0.537476 -0.391372 
0.227 -1.162 0.329718 -0.998145 -0.453247 -0.462883 
0.003 -0.987 0.194774 -1.07826 -0.550903 -0.532618 
-0.003 -1.161 0.110185 -1.12002 -0.555908 -0.55898 
0.542 -1.136 0.0800023 -1.1257 -0.14624 -0.542763 
-0.101 -1.106 0.0991988 -1.11864 -0.555786 -0.4947 
-0.297 -1.08 0.139377 -1.1192 -0.653442 -0.437787 
-0.245 -1.14 0.121325 -1.12505 -0.620117 -0.423944 
-0.261 -1.087 -0.00461788 -1.12736 -0.651001 -0.485975 
-0.207 -1.088 -0.178057 -1.12468 -0.599854 -0.587096 
-0.227 -1.09 -0.295568 -1.11866 -0.619751 -0.661226 
-0.174 -1.011 -0.313491 -1.10902 -0.614868 -0.677219 
0.001 -1.261 -0.259039 -1.09821 -0.529663 -0.650124 
0.397 -1.259 -0.168523 -1.1022 -0.328857 -0.605588 
0.194 -1.083 -0.0445729 -1.13712 -0.45105 -0.549057 
0.319 -1.177 0.107275 -1.18665 -0.427246 -0.482754 
0.196 -1.059 0.242629 -1.21066 -0.518677 -0.429362 
0.211 -1.084 0.309373 -1.1903 -0.538818 -0.417563 
0.306 -1.019 0.301278 -1.14158 -0.498657 -0.450368 
0.223 -0.969 0.259667 -1.08913 -0.554688 -0.501615 
0.247 -0.853 0.231369 -1.04356 -0.532837 -0.540365 
0.688 -0.727 0.239458 -0.994775 -0.224731 -0.548462 
0.872 -0.641 0.305207 -0.924721 -0.0750732 -0.507783 
0.711 -0.574 0.449398 -0.827323 -0.19812 -0.403444 
0.883 -0.496 0.641367 -0.7165 -0.0115967 -0.25938 
0.558 -0.788 0.797504 -0.620867 -0.322876 -0.136881 
0.267 -0.881 0.840278 -0.58071 -0.481445 -0.0953136 
0.216 -0.883 0.74037 -0.62715 -0.41748 -0.15868 
0.236 -0.898 0.53409 -0.743731 -0.263184 -0.291062 
1.273 -0.256 0.338777 -0.853593 0.859741 -0.379906 
0.421 -1.025 0.305783 -0.868758 0.0546875 -0.289171 
-0.03 -1.047 0.45101 -0.79661 -0.241821 -0.0248528 
-0.195 -1.015 0.577905 -0.752567 -0.327026 0.20457 
0.057 -1.162 0.481066 -0.825388 -0.101807 0.196953 
-0.335 -1.111 0.190196 -0.978321 -0.273437 -0.0127915 
-0.247 -1.124 -0.105658 -1.1171 -0.111694 -0.23026 
-0.241 -1.27 -0.275196 -1.18688 0.00512695 -0.312489 
-0.407 -1.258 -0.317963 -1.20079 -0.11377 -0.25168 
-0.012 -1.277 -0.297057 -1.20663 0.0771484 -0.127054 
-0.079 -1.249 -0.256578 -1.23216 0.00549316 -0.0220963 
-0.128 -1.293 -0.20089 -1.26764 -0.0529785 0.0273606 
-0.362 -1.193 -0.1412 -1.29143 -0.20752 0.0242152 
0.351 -1.356 -0.11014 -1.29405 0.183716 -0.0152659 
0.226 -1.296 -0.0904239 -1.28683 0.0795898 -0.0505782 
0.509 -1.178 -0.0143577 -1.28602 0.258545 -0.0328997 
0.005 -1.06 0.137793 -1.28513 -0.109741 0.0422506 
0.086 -1.167 0.2797 -1.25797 -0.0866699 0.111658 
0.441 -1.017 0.316797 -1.19918 0.137695 0.110792 
0.068 -1.111 0.260999 -1.13363 -0.136719 0.0478429 
0.108 -1.001 0.19537 -1.08761 -0.0991211 -0.0198693 
0.542 -1.063 0.168574 -1.06603 0.204224 -0.0560672 
0.028 -1.173 0.18605 -1.06229 -0.164551 -0.05338 
0.417 -0.899 0.232326 -1.0703 0.118408 -0.02256 
-0.015 -0.893 0.271268 -1.07381 -0.224976 0.00660438 
0.172 -0.903 0.26542 -1.04637 -0.103516 0.00116426 
0.559 -0.895 0.222369 -0.984545 0.188843 -0.0378843 
0.3 -0.82 0.200446 -0.918823 -0.0229492 -0.067148 
0.619 -0.822 0.25214 -0.875466 0.248413 -0.0424394 
0.656 -0.804 0.368317 -0.853744 0.252075 0.0358613 
0.298 -0.804 0.494355 -0.840398 -0.0288086 0.128953 
0.34 -0.782 0.565698 -0.827598 0.0231934 0.18426 
0.193 -0.813 0.537085 -0.815053 -0.064209 0.163554 
