-0.923 -0.137 -0.01846 -0.00274 -1.79529 -0.0359058 
-0.908 -0.179 -0.121536 -0.018924 -1.76233 -0.236319 
-0.922 -0.176 -0.363808 -0.059736 -1.76221 -0.706581 
-0.926 -0.162 -0.686946 -0.118514 -1.77332 -1.33111 
-0.931 -0.138 -0.945356 -0.168994 -1.80591 -1.826 
-0.921 -0.128 -1.04855 -0.188159 -1.80774 -2.01988 
-0.923 -0.144 -1.02213 -0.175335 -1.80261 -1.96981 
-0.92 -0.15 -0.95173 -0.149687 -1.78674 -1.84341 
-0.921 -0.159 -0.90547 -0.132987 -1.77356 -1.76512 
-0.932 -0.141 -0.901359 -0.133811 -1.79382 -1.7603 
-0.928 -0.129 -0.921607 -0.14462 -1.79248 -1.79229 
-0.936 -0.119 -0.942199 -0.151639 -1.80835 -1.82091 
-0.921 -0.175 -0.950974 -0.1483 -1.76624 -1.83047 
-0.926 -0.13 -0.948549 -0.140824 -1.80835 -1.82478 
-0.934 -0.151 -0.941575 -0.138408 -1.78662 -1.81466 
-0.936 -0.126 -0.936759 -0.141975 -1.80884 -1.80917 
-0.938 -0.136 -0.937471 -0.145195 -1.80872 -1.8117 
-0.92 -0.155 -0.94215 -0.144203 -1.78479 -1.81914 
-0.919 -0.126 -0.945703 -0.141172 -1.80676 -1.82536 
-0.937 -0.141 -0.944398 -0.139538 -1.79688 -1.82646 
-0.911 -0.153 -0.939631 -0.139801 -1.78503 -1.82343 
-0.928 -0.166 -0.935245 -0.141906 -1.77673 -1.81885 
-0.931 -0.137 -0.933341 -0.146803 -1.8031 -1.81373 
-0.938 -0.126 -0.934347 -0.152099 -1.8158 -1.81035 
-0.91 -0.156 -0.937749 -0.152621 -1.78467 -1.81225 
-0.913 -0.173 -0.940286 -0.148467 -1.76721 -1.81778 
-0.924 -0.141 -0.938334 -0.146521 -1.79272 -1.81955 
-0.911 -0.146 -0.932669 -0.150208 -1.78516 -1.81421 
-0.919 -0.146 -0.927517 -0.154731 -1.80212 -1.80715 
-0.934 -0.139 -0.925889 -0.154683 -1.81006 -1.80577 
-0.92 -0.178 -0.928281 -0.150954 -1.76086 -1.81124 
-0.927 -0.104 -0.933088 -0.148174 -1.8269 -1.81776 
-0.925 -0.133 -0.937301 -0.146758 -1.80579 -1.82095 
-0.92 -0.149 -0.93877 -0.143172 -1.79626 -1.82258 
-0.931 -0.141 -0.937778 -0.137846 -1.79407 -1.82483 
-0.926 -0.151 -0.936264 -0.136079 -1.78369 -1.82529 
-0.929 -0.105 -0.93607 -0.139138 -1.82007 -1.82219 
-0.92 -0.14 -0.937314 -0.141493 -1.80383 -1.81893 
-0.922 -0.18 -0.938274 -0.139742 -1.77026 -1.81929 
-0.894 -0.18 -0.936909 -0.139698 -1.75696 -1.82011 
-0.907 -0.139 -0.931809 -0.148509 -1.78943 -1.81459 
-0.916 -0.169 -0.924012 -0.162043 -1.78052 -1.80352 
-0.908 -0.178 -0.917637 -0.170394 -1.77454 -1.79518 
-0.918 -0.141 -0.916362 -0.170884 -1.79456 -1.79463 
-0.913 -0.142 -0.919705 -0.166776 -1.79126 -1.80002 
-0.917 -0.126 -0.924321 -0.159498 -1.80457 -1.80749 
-0.911 -0.142 -0.927374 -0.14942 -1.78906 -1.81449 
-0.928 -0.124 -0.928126 -0.139528 -1.8009 -1.81917 
-0.918 -0.144 -0.928135 -0.133347 -1.80029 -1.82091 
-0.925 -0.11 -0.929245 -0.131714 -1.83325 -1.82154 
-0.927 -0.099 -0.931713 -0.13117 -1.82202 -1.8251 
-0.924 -0.116 -0.934496 -0.126864 -1.8125 -1.83315 
-0.905 -0.135 -0.936198 -0.118821 -1.79724 -1.84138 
-0.923 -0.136 -0.93519 -0.113829 -1.802 -1.84307 
-0.939 -0.128 -0.932024 -0.117469 -1.81702 -1.83694 
-0.89 -0.171 -0.929931 -0.127824 -1.77173 -1.82833 
-0.914 -0.133 -0.929495 -0.139573 -1.80371 -1.82175 
-0.93 -0.155 -0.928079 -0.148605 -1.77759 -1.81734 
-0.917 -0.162 -0.925992 -0.153211 -1.78906 -1.81368 
-0.929 -0.148 -0.926592 -0.15452 -1.78992 -1.81067 
-0.922 -0.154 -0.930467 -0.155055 -1.79651 -1.80909 
-0.927 -0.152 -0.934939 -0.155513 -1.79065 -1.80995 
-0.922 -0.125 -0.937607 -0.154833 -1.78955 -1.81262 
-0.911 -0.155 -0.93758 -0.15177 -1.776 -1.81458 
-0.928 -0.155 -0.935188 -0.147336 -1.78271 -1.81337 
-0.914 -0.136 -0.932003 -0.14499 -1.79126 -1.80922 
-0.927 -0.152 -0.930048 -0.146141 -1.78125 -1.80532 
-0.918 -0.133 -0.930242 -0.148155 -1.78613 -1.80435 
-0.919 -0.181 -0.931648 -0.148814 -1.76477 -1.8054 
-0.925 -0.151 -0.932775 -0.150054 -1.79492 -1.80546 
-0.92 -0.128 -0.933036 -0.153553 -1.79517 -1.80424 
-0.912 -0.155 -0.932747 -0.156078 -1.77734 -1.80451 
-0.924 -0.141 -0.931905 -0.153852 -1.79285 -1.80725 
-0.936 -0.136 -0.931 -0.148478 -1.79724 -1.81033 
-0.932 -0.115 -0.932095 -0.143223 -1.81165 -1.81292 
-0.933 -0.129 -0.936418 -0.137961 -1.79626 -1.81664 
-0.937 -0.134 -0.942149 -0.132149 -1.8053 -1.82163 
-0.907 -0.158 -0.945872 -0.128505 -1.78479 -1.82534 
-0.92 -0.129 -0.944731 -0.13073 -1.81299 -1.82542 
-0.913 -0.18 -0.938502 -0.138405 -1.75769 -1.82224 
-0.92 -0.149 -0.930548 -0.148164 -1.79736 -1.81684 
-0.912 -0.157 -0.925357 -0.156689 -1.78113 -1.81053 
-0.909 -0.15 -0.924203 -0.161462 -1.79187 -1.80578 
-0.912 -0.154 -0.924846 -0.16119 -1.78503 -1.80496 
-0.914 -0.154 -0.924825 -0.157731 -1.78662 -1.80719 
-0.913 -0.132 -0.923965 -0.154046 -1.79016 -1.80977 
-0.912 -0.156 -0.923394 -0.151077 -1.78357 -1.81092 
-0.903 -0.148 -0.923357 -0.148756 -1.79407 -1.8107 
-0.899 -0.156 -0.922621 -0.148001 -1.77795 -1.81007 
-0.932 -0.14 -0.920515 -0.14948 -1.797 -1.80957 
-0.909 -0.148 -0.91927 -0.151399 -1.78955 -1.8096 
-0.918 -0.129 -0.921348 -0.151179 -1.81677 -1.8111 
-0.928 -0.143 -0.925866 -0.147793 -1.80188 -1.8154 
-0.908 -0.143 -0.930011 -0.142943 -1.7832 -1.82154 
-0.922 -0.152 -0.931947 -0.139959 -1.78369 -1.82505 
-0.93 -0.156 -0.931673 -0.141382 -1.78674 -1.82194 
-0.907 -0.138 -0.930923 -0.146478 -1.79736 -1.81424 
-0.929 -0.1 -0.930971 -0.150395 -1.84412 -1.80939 
-0.914 -0.112 -0.931363 -0.146475 -1.80945 -1.8144 
-0.919 -0.143 -0.93136 -0.133737 -1.7854 -1.82769 
-0.916 -0.144 -0.930852 -0.121266 -1.78564 -1.83791 
-0.908 -0.128 -0.929672 -0.119512 -1.7926 -1.83523 
-0.928 -0.102 -0.927976 -0.12746 -1.828 -1.82323 
-0.925 -0.147 -0.927094 -0.134315 -1.79773 -1.81479 
-0.911 -0.146 -0.928468 -0.134403 -1.79529 -1.81689 
-0.927 -0.094 -0.9312 -0.131833 -1.84546 -1.82517 
-0.914 -0.126 -0.932896 -0.129828 -1.81421 -1.83354 
-0.934 -0.123 -0.932888 -0.126605 -1.81213 -1.8403 
-0.902 -0.144 -0.932446 -0.122745 -1.79797 -1.84384 
-0.937 -0.114 -0.932095 -0.122446 -1.8363 -1.84202 
-0.923 -0.169 -0.932106 -0.126873 -1.78979 -1.83722 
-0.914 -0.167 -0.932993 -0.134893 -1.78589 -1.83282 
-0.939 -0.133 -0.934497 -0.145463 -1.79932 -1.82816 
-0.926 -0.122 -0.935978 -0.154368 -1.81897 -1.82237 
-0.915 -0.175 -0.93749 -0.155355 -1.7832 -1.81891 
-0.93 -0.152 -0.938304 -0.150083 -1.80725 -1.8198 
-0.913 -0.166 -0.937275 -0.14743 -1.79187 -1.82226 
-0.94 -0.122 -0.935116 -0.151231 -1.82385 -1.82346 
-0.922 -0.155 -0.934196 -0.155581 -1.78882 -1.82428 
-0.904 -0.181 -0.935198 -0.155354 -1.77222 -1.82496 
-0.92 -0.165 -0.935462 -0.154134 -1.77673 -1.82222 
-0.911 -0.148 -0.93243 -0.157561 -1.78723 -1.81392 
-0.924 -0.144 -0.927686 -0.163158 -1.79492 -1.80451 
-0.922 -0.171 -0.925155 -0.164287 -1.78821 -1.80086 
-0.938 -0.127 -0.926966 -0.160032 -1.82043 -1.80511 
-0.938 -0.137 -0.932756 -0.153738 -1.80737 -1.81462 
-0.937 -0.131 -0.940457 -0.147072 -1.81042 -1.82527 
-0.916 -0.14 -0.946821 -0.140453 -1.80176 -1.83301 
-0.92 -0.129 -0.948165 -0.135727 -1.81091 -1.83524 
-0.926 -0.148 -0.943448 -0.134288 -1.79272 -1.83276 
-0.928 -0.12 -0.936356 -0.135584 -1.8291 -1.82878 
-0.898 -0.173 -0.931729 -0.137914 -1.77917 -1.82664 
-0.898 -0.155 -0.929434 -0.141501 -1.78735 -1.82605 
-0.92 -0.17 -0.925808 -0.148037 -1.78113 -1.82329 
-0.941 -0.1 -0.921339 -0.155951 -1.85474 -1.81776 
-0.92 -0.143 -0.921622 -0.157933 -1.797 -1.81645 
-0.923 -0.149 -0.928599 -0.150217 -1.80969 -1.82394 
-0.912 -0.156 -0.936636 -0.139718 -1.79895 -1.83426 
-0.917 -0.121 -0.939016 -0.136289 -1.82654 -1.83847 
-0.925 -0.122 -0.935136 -0.139474 -1.82666 -1.83674 
-0.916 -0.14 -0.929824 -0.141118 -1.81079 -1.83558 
-0.904 -0.131 -0.927191 -0.13764 -1.8064 -1.83776 
-0.907 -0.171 -0.926456 -0.133728 -1.77869 -1.8391 
-0.911 -0.135 -0.924702 -0.135525 -1.80737 -1.83456 
-0.921 -0.145 -0.921864 -0.142906 -1.80908 -1.82559 
-0.891 -0.161 -0.920272 -0.150224 -1.78882 -1.81885 
-0.912 -0.144 -0.920098 -0.153446 -1.80603 -1.81806 
-0.91 -0.169 -0.919577 -0.153819 -1.78796 -1.82056 
-0.917 -0.165 -0.918722 -0.154731 -1.78735 -1.82182 
-0.909 -0.166 -0.919393 -0.158206 -1.79102 -1.81967 
-0.931 -0.115 -0.922084 -0.16256 -1.84595 -1.81631 
-0.916 -0.169 -0.926045 -0.162494 -1.78601 -1.81757 
-0.921 -0.156 -0.930113 -0.15672 -1.79053 -1.8245 
-0.913 -0.175 -0.93272 -0.151488 -1.78113 -1.82958 
-0.909 -0.151 -0.932416 -0.153158 -1.80127 -1.82605 
-0.938 -0.134 -0.929789 -0.159335 -1.82007 -1.81776 
-0.948 -0.146 -0.928641 -0.161911 -1.81714 -1.81458 
-0.928 -0.156 -0.933167 -0.157034 -1.81787 -1.82131 
-0.928 -0.131 -0.942028 -0.149179 -1.82324 -1.83349 
-0.921 -0.147 -0.948418 -0.144087 -1.81042 -1.84325 
-0.919 -0.157 -0.947431 -0.143074 -1.797 -1.84585 
-0.915 -0.149 -0.94047 -0.1452 -1.82605 -1.84144 
-0.935 -0.141 -0.932726 -0.149061 -1.81555 -1.83486 
-0.922 -0.144 -0.929168 -0.151784 -1.81848 -1.83211 
-0.931 -0.111 -0.931206 -0.150434 -1.84521 -1.83533 
-0.904 -0.174 -0.935733 -0.144827 -1.78333 -1.84183 
-0.924 -0.146 -0.937619 -0.139725 -1.81091 -1.84567 
-0.94 -0.124 -0.93538 -0.140179 -1.83167 -1.84276 
-0.932 -0.151 -0.933171 -0.144436 -1.8125 -1.83658 
-0.929 -0.143 -0.935379 -0.146752 -1.82166 -1.8342 
-0.93 -0.151 -0.94073 -0.146058 -1.80786 -1.8369 
-0.913 -0.169 -0.944314 -0.145953 -1.79504 -1.83978 
-0.917 -0.147 -0.942818 -0.149251 -1.81958 -1.83837 
-0.929 -0.104 -0.937076 -0.153843 -1.84485 -1.83422 
-0.934 -0.133 -0.931687 -0.152824 -1.81885 -1.83396 
-0.932 -0.113 -0.931367 -0.14265 -1.83521 -1.84069 
-0.915 -0.158 -0.936035 -0.129223 -1.78223 -1.84906 
-0.912 -0.142 -0.940354 -0.122997 -1.80969 -1.85026 
-0.911 -0.158 -0.939094 -0.128614 -1.81055 -1.84178 
-0.925 -0.121 -0.932548 -0.141121 -1.82495 -1.83056 
-0.938 -0.115 -0.92656 -0.149633 -1.8407 -1.82666 
-0.926 -0.125 -0.926928 -0.146618 -1.83093 -1.8338 
-0.916 -0.135 -0.933312 -0.1347 -1.81592 -1.84674 
-0.92 -0.13 -0.939376 -0.124085 -1.81909 -1.85584 
-0.92 -0.154 -0.9398 -0.122481 -1.79968 -1.85503 
-0.921 -0.117 -0.935446 -0.12931 -1.83728 -1.84635 
-0.918 -0.123 -0.930839 -0.13729 -1.81482 -1.83773 
-0.933 -0.135 -0.929172 -0.139248 -1.81677 -1.83542 
-0.915 -0.143 -0.930805 -0.135104 -1.81335 -1.83853 
-0.922 -0.152 -0.933723 -0.131679 -1.80994 -1.84149 
-0.91 -0.153 -0.935057 -0.134659 -1.80566 -1.8407 
-0.925 -0.138 -0.933388 -0.142995 -1.81848 -1.83678 
-0.923 -0.137 -0.930447 -0.15044 -1.80432 -1.83287 
-0.923 -0.133 -0.929226 -0.151485 -1.82886 -1.83159 
-0.904 -0.156 -0.930449 -0.146463 -1.79395 -1.83323 
-0.93 -0.119 -0.93164 -0.140727 -1.84216 -1.8359 
-0.9 -0.144 -0.930828 -0.137976 -1.80737 -1.83841 
-0.903 -0.149 -0.927978 -0.137916 -1.80188 -1.84026 
-0.898 -0.147 -0.923426 -0.139694 -1.80701 -1.83985 
-0.91 -0.165 -0.917819 -0.143702 -1.78882 -1.83545 
-0.914 -0.107 -0.913756 -0.148732 -1.84106 -1.82904 
-0.924 -0.129 -0.914158 -0.150052 -1.82629 -1.82649 
-0.908 -0.15 -0.919297 -0.144375 -1.8092 -1.83175 
-0.907 -0.145 -0.925522 -0.136124 -1.82141 -1.8411 
-0.92 -0.001 -0.928318 -0.130677 -1.97949 -1.85007 
-0.917 0.048 -0.927098 -0.118533 -2.01855 -1.86835 
-0.91 0.13 -0.925128 -0.0806111 -2.10657 -1.91345 
-0.897 0.161 -0.924311 -0.0112949 -2.15649 -1.98865 
-0.906 0.207 -0.922993 0.0724565 -2.19592 -2.07674 
-0.919 0.176 -0.919998 0.145695 -2.17065 -2.15436 
-0.918 0.149 -0.91778 0.190209 -2.17639 -2.2044 
-0.932 0.114 -0.919744 0.199687 -2.17114 -2.22226 
-0.939 0.097 -0.926513 0.179511 -2.19202 -2.21715 
-0.956 0.038 -0.936291 0.143169 -2.18005 -2.20595 
-0.94 -0.05 -0.946917 0.101969 -2.14185 -2.20026 
-0.944 -0.047 -0.955694 0.0577066 -2.17773 -2.19937 
-0.948 -0.077 -0.960055 0.00971922 -2.17444 -2.19791 
-0.952 -0.089 -0.960078 -0.0358788 -2.19519 -2.19609 
-0.947 -0.106 -0.958801 -0.0701631 -2.18433 -2.19838 
-0.944 -0.169 -0.958625 -0.091862 -2.14905 -2.20474 
-0.932 -0.172 -0.958918 -0.109279 -2.16223 -2.20852 
-0.952 -0.128 -0.957721 -0.130162 -2.19128 -2.20467 
-0.944 -0.155 -0.955277 -0.150749 -2.18445 -2.19778 
-0.948 -0.159 -0.953971 -0.161408 -2.17957 -2.19652 
-0.937 -0.203 -0.954935 -0.161771 -2.14673 -2.20167 
-0.93 -0.194 -0.956113 -0.162568 -2.15417 -2.20497 
-0.929 -0.175 -0.954561 -0.171715 -2.16248 -2.19995 
-0.942 -0.194 -0.949861 -0.185324 -2.15857 -2.18958 
-0.949 -0.14 -0.945427 -0.193437 -2.20276 -2.18268 
-0.939 -0.185 -0.945349 -0.190348 -2.16504 -2.18551 
-0.943 -0.173 -0.94969 -0.179611 -2.15613 -2.19561 
-0.939 -0.141 -0.954513 -0.16964 -2.18335 -2.20381 
-0.938 -0.134 -0.956264 -0.164014 -2.19299 -2.20489 
-0.943 -0.136 -0.954729 -0.158468 -2.17224 -2.20318 
-0.952 -0.132 -0.952413 -0.149544 -2.18665 -2.2041 
-0.929 -0.17 -0.951948 -0.140438 -2.14868 -2.2067 
-0.93 -0.157 -0.952819 -0.137786 -2.16187 -2.20604 
-0.92 -0.165 -0.951711 -0.144473 -2.15625 -2.19962 
-0.915 -0.181 -0.946448 -0.156666 -2.14075 -2.1899 
-0.931 -0.175 -0.938642 -0.16822 -2.14136 -2.18091 
-0.895 -0.264 -0.93188 -0.177719 -2.03674 -2.17216 
-0.877 -0.348 -0.926811 -0.192851 -1.95923 -2.15446 
-0.831 -0.45 -0.918674 -0.227932 -1.83081 -2.1133 
-0.77 -0.557 -0.900271 -0.293623 -1.70435 -2.03857 
-0.759 -0.565 -0.867685 -0.386049 -1.69299 -1.93405 
-0.716 -0.596 -0.824369 -0.484745 -1.6095 -1.81982 
-0.725 -0.598 -0.780198 -0.563341 -1.59521 -1.7217 
-0.756 -0.537 -0.746622 -0.605251 -1.62866 -1.65583 
-0.789 -0.498 -0.732587 -0.608906 -1.63135 -1.62468 
-0.791 -0.473 -0.741326 -0.58232 -1.62073 -1.62202 
-0.801 -0.419 -0.766304 -0.538643 -1.60876 -1.63431 
-0.821 -0.376 -0.794106 -0.491034 -1.59912 -1.64498 
-0.844 -0.329 -0.814873 -0.446038 -1.59351 -1.64404 
-0.912 -0.25 -0.829797 -0.402359 -1.63477 -1.63359 
-0.892 -0.238 -0.8478 -0.355506 -1.61182 -1.62417 
-0.928 -0.223 -0.873821 -0.305246 -1.61682 -1.62396 
-0.951 -0.207 -0.903559 -0.259167 -1.62744 -1.63142 
-0.96 -0.2 -0.930104 -0.226518 -1.59729 -1.63919 
-0.965 -0.191 -0.950834 -0.209358 -1.6073 -1.6414 
-0.99 -0.14 -0.966233 -0.201369 -1.64893 -1.63777 
-0.968 -0.157 -0.977726 -0.192696 -1.63538 -1.63474 
-0.982 -0.18 -0.986024 -0.178691 -1.61646 -1.63871 
-0.987 -0.189 -0.990915 -0.165443 -1.61768 -1.64699 
-0.961 -0.212 -0.992654 -0.163365 -1.58081 -1.65033 
-0.981 -0.181 -0.991899 -0.175021 -1.6062 -1.64323 
-0.972 -0.235 -0.98933 -0.192516 -1.55786 -1.62843 
-0.96 -0.202 -0.986212 -0.206875 -1.58411 -1.61227 
-0.969 -0.164 -0.983393 -0.213744 -1.6228 -1.60085 
-0.95 -0.228 -0.980383 -0.211884 -1.56506 -1.59864 
-0.958 -0.169 -0.976545 -0.203971 -1.62573 -1.60512 
-0.945 -0.175 -0.971964 -0.195606 -1.60364 -1.61477 
-0.953 -0.173 -0.967217 -0.189094 -1.59924 -1.62271 
-0.957 -0.179 -0.963529 -0.183054 -1.59741 -1.62687 
-0.939 -0.189 -0.961923 -0.178361 -1.59583 -1.62617 
-0.93 -0.177 -0.961344 -0.17748 -1.61169 -1.62219 
-0.921 -0.167 -0.958485 -0.179997 -1.61194 -1.61925 
-0.925 -0.183 -0.951293 -0.18214 -1.60083 -1.62055 
-0.92 -0.167 -0.941838 -0.181274 -1.6012 -1.62468 
-0.938 -0.133 -0.934551 -0.177467 -1.63586 -1.62799 
-0.927 -0.165 -0.932735 -0.170626 -1.59351 -1.62994 
-0.935 -0.123 -0.936092 -0.161107 -1.63538 -1.63198 
-0.921 -0.184 -0.941121 -0.151892 -1.59192 -1.63423 
-0.908 -0.15 -0.94334 -0.147906 -1.60632 -1.63478 
-0.926 -0.14 -0.94032 -0.15071 -1.6239 -1.63259 
-0.895 -0.187 -0.933465 -0.156419 -1.56689 -1.62881 
-0.928 -0.126 -0.926383 -0.160336 -1.6311 -1.6249 
-0.921 -0.168 -0.922536 -0.160879 -1.58752 -1.62182 
-0.924 -0.165 -0.923652 -0.159085 -1.58594 -1.62013 
-0.917 -0.165 -0.92859 -0.157836 -1.58472 -1.61853 
-0.921 -0.156 -0.933372 -0.15977 -1.60522 -1.61488 
-0.923 -0.133 -0.935026 -0.162721 -1.6189 -1.61158 
-0.903 -0.192 -0.933643 -0.162543 -1.56409 -1.61277 
-0.922 -0.094 -0.930557 -0.159074 -1.65137 -1.61753 
-0.925 -0.102 -0.92746 -0.152413 -1.66406 -1.62438 
-0.91 -0.066 -0.926405 -0.138853 -1.67883 -1.63729 
-0.922 -0.088 -0.927775 -0.116549 -1.65625 -1.65885 
-0.915 -0.049 -0.929589 -0.0920107 -1.69873 -1.682 
-0.907 -0.021 -0.929943 -0.072422 -1.72986 -1.69904 
-0.918 0.087 -0.928397 -0.0553456 -1.85596 -1.71424 
-0.906 0.128 -0.92574 -0.0279624 -1.90186 -1.74352 
-0.901 0.113 -0.923083 0.018816 -1.87964 -1.7971 
-0.913 0.092 -0.920697 0.0751229 -1.87378 -1.86252 
-0.918 0.149 -0.918939 0.117716 -1.92419 -1.91261 
-0.915 0.109 -0.919296 0.134115 -1.89099 -1.93316 
-0.912 0.072 -0.922231 0.130464 -1.88806 -1.93192 
-0.913 0.021 -0.925645 0.115933 -1.85938 -1.92257 
-0.911 0.024 -0.927064 0.0922146 -1.87976 -1.91177 
-0.926 -0.006 -0.926341 0.060975 -1.88489 -1.90221 
-0.93 -0.046 -0.925977 0.0284724 -1.86987 -1.89688 
-0.924 -0.097 -0.928562 -0.00112422 -1.85632 -1.89635 
-0.939 -0.099 -0.933929 -0.0303354 -1.87683 -1.89674 
-0.912 -0.156 -0.939364 -0.0623798 -1.84131 -1.89444 
-0.945 -0.139 -0.942097 -0.0959921 -1.88318 -1.88964 
-0.966 -0.144 -0.942906 -0.125761 -1.89575 -1.88623 
-0.938 -0.175 -0.946117 -0.146158 -1.87476 -1.88897 
-0.972 -0.179 -0.953883 -0.156882 -1.87048 -1.89757 
-0.952 -0.21 -0.963261 -0.164272 -1.85449 -1.90468 
-0.957 -0.26 -0.970061 -0.176248 -1.80078 -1.90212 
-0.904 -0.365 -0.971456 -0.199609 -1.69385 -1.8842 
-0.899 -0.399 -0.964258 -0.240767 -1.67615 -1.84602 
-0.915 -0.365 -0.947751 -0.29877 -1.67029 -1.78948 
-0.884 -0.402 -0.927626 -0.357701 -1.6333 -1.72942 
-0.879 -0.383 -0.911718 -0.396843 -1.64502 -1.68415 
-0.901 -0.326 -0.902604 -0.407691 -1.6825 -1.66199 
-0.871 -0.324 -0.898503 -0.394813 -1.64673 -1.66062 
-0.899 -0.286 -0.897249 -0.367385 -1.65076 -1.67085 
-0.88 -0.225 -0.897322 -0.334207 -1.67944 -1.68096 
-0.899 -0.244 -0.89789 -0.300315 -1.64758 -1.6848 
-0.888 -0.163 -0.899131 -0.26731 -1.69397 -1.6845 
-0.887 -0.206 -0.900793 -0.236199 -1.64062 -1.68461 
-0.889 -0.179 -0.901861 -0.209814 -1.65002 -1.68552 
-0.896 -0.163 -0.901652 -0.191454 -1.67151 -1.68429 
-0.893 -0.169 -0.901167 -0.181359 -1.66541 -1.68076 
-0.916 -0.152 -0.902255 -0.175433 -1.68042 -1.67942 
-0.914 -0.168 -0.906399 -0.170036 -1.67773 -1.68342 
-0.933 -0.149 -0.913976 -0.164858 -1.68408 -1.69117 
-0.918 -0.146 -0.923736 -0.160635 -1.68042 -1.69887 
-0.929 -0.158 -0.932639 -0.157188 -1.66785 -1.7033 
-0.922 -0.174 -0.93788 -0.154837 -1.65576 -1.70268 
-0.936 -0.142 -0.939097 -0.155395 -1.67993 -1.69715 
-0.926 -0.179 -0.938665 -0.158759 -1.65869 -1.69007 
-0.934 -0.149 -0.938958 -0.162464 -1.67883 -1.68581 
-0.932 -0.157 -0.940522 -0.164236 -1.67773 -1.68629 
-0.949 -0.142 -0.942831 -0.163073 -1.68579 -1.69056 
-0.932 -0.159 -0.945851 -0.158984 -1.67786 -1.69656 
-0.93 -0.144 -0.948895 -0.154134 -1.69202 -1.70186 
-0.933 -0.189 -0.949977 -0.151759 -1.65393 -1.70459 
-0.926 -0.15 -0.947956 -0.154461 -1.67615 -1.70325 
-0.928 -0.159 -0.944107 -0.16096 -1.66296 -1.69792 
-0.931 -0.175 -0.940622 -0.166505 -1.65723 -1.69103 
-0.922 -0.15 -0.938821 -0.168 -1.68396 -1.68583 
-0.931 -0.134 -0.938536 -0.165832 -1.69287 -1.68504 
-0.924 -0.148 -0.938775 -0.160285 -1.67749 -1.69027 
-0.925 -0.153 -0.938758 -0.152451 -1.67114 -1.69895 
-0.94 -0.14 -0.938542 -0.146292 -1.68896 -1.70498 
-0.922 -0.156 -0.938963 -0.144793 -1.67603 -1.70535 
-0.931 -0.134 -0.940275 -0.1468 -1.68921 -1.70274 
-0.925 -0.174 -0.94135 -0.149336 -1.65283 -1.70062 
-0.917 -0.162 -0.940844 -0.151941 -1.65125 -1.69817 
-0.918 -0.145 -0.938379 -0.155804 -1.67896 -1.69273 
-0.926 -0.142 -0.934649 -0.159421 -1.67554 -1.68603 
-0.921 -0.183 -0.931611 -0.159554 -1.65979 -1.68342 
-0.911 -0.175 -0.930727 -0.158178 -1.65125 -1.68565 
-0.924 -0.15 -0.931056 -0.160489 -1.67224 -1.68758 
-0.929 -0.145 -0.931222 -0.165606 -1.68213 -1.68664 
-0.912 -0.148 -0.9316 -0.166694 -1.67883 -1.68635 
-0.925 -0.146 -0.93251 -0.160716 -1.68079 -1.69025 
-0.91 -0.15 -0.932869 -0.151953 -1.67944 -1.69687 
-0.907 -0.155 -0.93145 -0.146445 -1.68628 -1.70224 
-0.923 -0.145 -0.928274 -0.14652 -1.69104 -1.70471 
-0.933 -0.153 -0.925492 -0.149945 -1.67896 -1.70558 
-0.919 -0.165 -0.926381 -0.153312 -1.66711 -1.70575 
-0.928 -0.163 -0.931207 -0.155858 -1.67468 -1.70396 
-0.927 -0.158 -0.936527 -0.158803 -1.68286 -1.69974 
-0.932 -0.148 -0.939462 -0.161735 -1.68042 -1.69591 
-0.938 -0.141 -0.940456 -0.162025 -1.68896 -1.69574 
-0.932 -0.13 -0.941553 -0.157645 -1.69128 -1.69958 
-0.922 -0.141 -0.943371 -0.149398 -1.67004 -1.70488 
-0.92 -0.159 -0.944036 -0.141377 -1.65344 -1.70726 
-0.914 -0.144 -0.941419 -0.138704 -1.67383 -1.70307 
-0.911 -0.158 -0.935706 -0.142808 -1.65845 -1.69373 
-0.929 -0.139 -0.929479 -0.149803 -1.66528 -1.68497 
-0.899 -0.153 -0.925752 -0.154261 -1.65662 -1.68088 
-0.92 -0.145 -0.925003 -0.154145 -1.66516 -1.68077 
-0.919 -0.128 -0.925465 -0.150886 -1.67871 -1.6824 
-0.921 -0.137 -0.926196 -0.146249 -1.67004 -1.68516 
-0.916 -0.166 -0.927726 -0.141741 -1.65259 -1.68865 
-0.914 -0.132 -0.929533 -0.140309 -1.67004 -1.69049 
-0.934 -0.101 -0.930484 -0.142183 -1.71082 -1.6899 
-0.917 -0.14 -0.931069 -0.141723 -1.67285 -1.69125 
-0.94 -0.114 -0.932714 -0.135207 -1.6958 -1.6979 
-0.916 -0.138 -0.935747 -0.126733 -1.66943 -1.70634 
-0.918 -0.156 -0.938356 -0.12329 -1.66162 -1.70981 
-0.936 -0.121 -0.938521 -0.127698 -1.69067 -1.70569 
-0.916 -0.146 -0.936694 -0.136322 -1.66943 -1.69799 
-0.902 -0.143 -0.934642 -0.142759 -1.66724 -1.69289 
-0.915 -0.088 -0.931876 -0.143434 -1.70886 -1.69271 
-0.925 -0.145 -0.927661 -0.137914 -1.66577 -1.69651 
-0.916 -0.156 -0.924515 -0.129665 -1.65466 -1.70131 
-0.914 -0.128 -0.92496 -0.126381 -1.68042 -1.70202 
-0.911 -0.177 -0.927477 -0.132401 -1.64807 -1.69649 
-0.928 -0.159 -0.928912 -0.144385 -1.65771 -1.68808 
-0.9 -0.169 -0.928596 -0.156765 -1.6438 -1.68062 
-0.919 -0.108 -0.927339 -0.164792 -1.70557 -1.67609 
-0.932 -0.122 -0.926094 -0.162929 -1.68726 -1.67802 
-0.935 -0.084 -0.926943 -0.148762 -1.72949 -1.6894 
-0.938 -0.161 -0.93203 -0.127796 -1.66467 -1.70738 
-0.926 -0.107 -0.939982 -0.112547 -1.69556 -1.722 
-0.936 -0.15 -0.946357 -0.111426 -1.6698 -1.72466 
-0.912 -0.129 -0.947812 -0.121779 -1.68933 -1.71593 
-0.935 -0.133 -0.944336 -0.13389 -1.68323 -1.70458 
-0.91 -0.136 -0.938773 -0.140509 -1.6604 -1.69809 
-0.896 -0.141 -0.933471 -0.140607 -1.67664 -1.69669 
-0.913 -0.152 -0.928125 -0.138433 -1.65698 -1.69594 
-0.913 -0.143 -0.922333 -0.138834 -1.67053 -1.69301 
-0.915 -0.148 -0.918495 -0.142777 -1.66223 -1.68878 
-0.916 -0.145 -0.918952 -0.147497 -1.67786 -1.6857 
-0.91 -0.154 -0.922554 -0.150194 -1.67542 -1.68583 
-0.909 -0.178 -0.925857 -0.15141 -1.63196 -1.68843 
-0.917 -0.149 -0.926445 -0.154167 -1.67383 -1.68917 
-0.917 -0.163 -0.925016 -0.159188 -1.65674 -1.68543 
-0.909 -0.153 -0.923998 -0.163383 -1.66382 -1.68025 
-0.912 -0.143 -0.924261 -0.163571 -1.66907 -1.6783 
-0.915 -0.136 -0.924697 -0.159291 -1.68079 -1.68083 
-0.928 -0.135 -0.924889 -0.151848 -1.68054 -1.6867 
-0.917 -0.156 -0.926134 -0.14409 -1.6731 -1.69378 
-0.916 -0.158 -0.928894 -0.140312 -1.65564 -1.69869 
-0.926 -0.143 -0.931519 -0.143067 -1.67798 -1.69838 
-0.92 -0.164 -0.93263 -0.149896 -1.65662 -1.69347 
-0.917 -0.15 -0.932647 -0.155901 -1.6676 -1.68778 
-0.906 -0.159 -0.931942 -0.158581 -1.65857 -1.68428 
-0.936 -0.13 -0.930225 -0.158175 -1.69458 -1.68367 
-0.917 -0.132 -0.928821 -0.154588 -1.68286 -1.68684 
-0.924 -0.118 -0.929676 -0.147342 -1.69604 -1.69426 
-0.932 -0.149 -0.932614 -0.137922 -1.66187 -1.70332 
-0.926 -0.151 -0.935902 -0.131387 -1.66797 -1.70813 
-0.941 -0.131 -0.938752 -0.132254 -1.69495 -1.70538 
-0.941 -0.107 -0.941652 -0.138049 -1.70801 -1.69971 
-0.934 -0.123 -0.945181 -0.140153 -1.69556 -1.6999 
-0.914 -0.147 -0.948186 -0.134517 -1.67419 -1.70788 
-0.909 -0.151 -0.947281 -0.127683 -1.67627 -1.71566 
-0.934 -0.111 -0.940821 -0.127979 -1.69885 -1.71554 
-0.929 -0.12 -0.932891 -0.133606 -1.698 -1.70969 
-0.937 -0.103 -0.930071 -0.135417 -1.72449 -1.7069 
-0.913 -0.15 -0.934039 -0.12942 -1.67603 -1.71214 
-0.906 -0.152 -0.939201 -0.122553 -1.66895 -1.72017 
-0.905 -0.155 -0.93855 -0.124521 -1.66382 -1.72073 
-0.908 -0.155 -0.930693 -0.136888 -1.64856 -1.70948 
-0.926 -0.158 -0.921165 -0.15193 -1.66516 -1.69208 
-0.921 -0.166 -0.917161 -0.161711 -1.65076 -1.67786 
-0.913 -0.175 -0.920915 -0.165016 -1.64551 -1.67166 
-0.917 -0.138 -0.927973 -0.165343 -1.67517 -1.67187 
-0.918 -0.128 -0.932259 -0.163778 -1.69653 -1.67582 
-0.905 -0.173 -0.931732 -0.158379 -1.65393 -1.68345 
-0.916 -0.165 -0.928156 -0.15155 -1.66443 -1.69228 
-0.926 -0.102 -0.924562 -0.148982 -1.70557 -1.69706 
-0.918 -0.161 -0.923859 -0.14955 -1.65771 -1.69739 
-0.91 -0.152 -0.926571 -0.148129 -1.64392 -1.69634 
-0.92 -0.169 -0.92974 -0.145995 -1.65063 -1.69274 
-0.928 -0.131 -0.930738 -0.148067 -1.67603 -1.68473 
-0.935 -0.125 -0.930882 -0.152301 -1.69897 -1.67778 
-0.941 -0.129 -0.93345 -0.151549 -1.6792 -1.68024 
-0.923 -0.134 -0.939185 -0.143352 -1.67188 -1.69212 
-0.917 -0.158 -0.944559 -0.133838 -1.67175 -1.70383 
-0.931 -0.119 -0.945143 -0.130765 -1.6991 -1.70723 
-0.917 -0.135 -0.940764 -0.134427 -1.6803 -1.7043 
-0.922 -0.13 -0.93529 -0.138502 -1.67712 -1.7018 
-0.918 -0.153 -0.9319 -0.138753 -1.66882 -1.70181 
-0.919 -0.114 -0.930796 -0.137143 -1.68335 -1.70153 
-0.922 -0.157 -0.930843 -0.136334 -1.66455 -1.69933 
-0.928 -0.173 -0.931354 -0.137833 -1.65186 -1.69578 
-0.9 -0.171 -0.932098 -0.144005 -1.63879 -1.69041 
-0.909 -0.17 -0.931571 -0.155694 -1.65479 -1.68214 
-0.924 -0.129 -0.928342 -0.167582 -1.66675 -1.67328 
-0.913 -0.113 -0.924346 -0.170415 -1.69995 -1.67001 
-0.926 -0.128 -0.923272 -0.159171 -1.67834 -1.67714 
-0.915 -0.159 -0.925977 -0.139987 -1.65649 -1.69145 
-0.925 -0.136 -0.930007 -0.126894 -1.68982 -1.70274 
-0.924 -0.109 -0.932928 -0.127224 -1.7041 -1.70523 
-0.928 -0.126 -0.934322 -0.13379 -1.70142 -1.70426 
-0.925 -0.143 -0.935281 -0.135924 -1.69531 -1.70755 
-0.931 -0.144 -0.936549 -0.13309 -1.68762 -1.71485 
-0.922 -0.146 -0.937985 -0.132226 -1.6676 -1.71953 
-0.918 -0.11 -0.938686 -0.13613 -1.70715 -1.71703 
-0.916 -0.13 -0.937503 -0.139707 -1.68542 -1.71035 
-0.927 -0.154 -0.934402 -0.138182 -1.66553 -1.70572 
-0.917 -0.155 -0.931339 -0.134896 -1.66956 -1.704 
-0.922 -0.153 -0.930241 -0.136974 -1.66956 -1.70111 
-0.924 -0.146 -0.931068 -0.145282 -1.67517 -1.69575 
-0.917 -0.165 -0.932489 -0.154007 -1.65735 -1.69077 
-0.921 -0.123 -0.933305 -0.158024 -1.69458 -1.68857 
-0.93 -0.121 -0.933204 -0.155354 -1.68872 -1.69032 
-0.913 -0.132 -0.933 -0.146308 -1.68323 -1.69623 
-0.912 -0.171 -0.932935 -0.135517 -1.6427 -1.70309 
-0.921 -0.14 -0.931858 -0.131598 -1.67468 -1.70415 
-0.911 -0.153 -0.929438 -0.138044 -1.65747 -1.6969 
-0.909 -0.163 -0.926885 -0.149158 -1.66772 -1.68661 
-0.914 -0.136 -0.924932 -0.157163 -1.67432 -1.68061 
-0.907 -0.165 -0.923443 -0.159021 -1.65002 -1.68112 
-0.921 -0.149 -0.922516 -0.15665 -1.65723 -1.68441 
-0.919 -0.136 -0.92285 -0.153582 -1.68677 -1.68576 
-0.915 -0.147 -0.924891 -0.151173 -1.66907 -1.68556 
-0.911 -0.167 -0.927601 -0.149054 -1.65393 -1.68699 
-0.917 -0.125 -0.928858 -0.148286 -1.69409 -1.68974 
-0.914 -0.137 -0.927971 -0.148645 -1.6759 -1.69223 
-0.923 -0.142 -0.926456 -0.147225 -1.68384 -1.69521 
-0.91 -0.11 -0.926152 -0.142632 -1.69373 -1.69948 
-0.913 -0.154 -0.926976 -0.136662 -1.66638 -1.70377 
-0.922 -0.139 -0.927501 -0.132673 -1.6825 -1.7058 
-0.926 -0.16 -0.927561 -0.133832 -1.66321 -1.70404 
-0.919 -0.172 -0.928666 -0.141121 -1.64124 -1.69845 
-0.923 -0.133 -0.931216 -0.151663 -1.67932 -1.69022 
-0.916 -0.154 -0.93356 -0.159612 -1.66235 -1.68254 
-0.905 -0.153 -0.933701 -0.16051 -1.66614 -1.67956 
-0.928 -0.164 -0.931076 -0.156254 -1.65356 -1.68171 
-0.928 -0.154 -0.927918 -0.153153 -1.6626 -1.6846 
-0.918 -0.178 -0.927748 -0.154776 -1.65381 -1.68458 
-0.93 -0.126 -0.931177 -0.159563 -1.69946 -1.68258 
-0.926 -0.158 -0.935452 -0.162354 -1.67017 -1.68334 
-0.92 -0.128 -0.938066 -0.159296 -1.69556 -1.68972 
-0.918 -0.174 -0.938184 -0.151917 -1.65564 -1.69881 
-0.933 -0.149 -0.936235 -0.146693 -1.67017 -1.70385 
-0.918 -0.164 -0.934167 -0.148092 -1.66174 -1.70105 
-0.919 -0.136 -0.933578 -0.154195 -1.68408 -1.69317 
-0.916 -0.168 -0.933704 -0.158849 -1.66528 -1.68719 
-0.925 -0.115 -0.932929 -0.158437 -1.69629 -1.68742 
-0.928 -0.117 -0.931715 -0.15242 -1.70447 -1.6937 
-0.93 -0.121 -0.932062 -0.141504 -1.70593 -1.70404 
-0.929 -0.14 -0.934864 -0.129081 -1.69934 -1.71566 
-0.929 -0.116 -0.938742 -0.12153 -1.70776 -1.7246 
-0.938 -0.119 -0.941722 -0.121358 -1.69751 -1.72824 
-0.913 -0.16 -0.942971 -0.125161 -1.65723 -1.72635 
-0.933 -0.131 -0.942228 -0.130096 -1.69043 -1.71903 
-0.922 -0.164 -0.939841 -0.136355 -1.65698 -1.70789 
-0.906 -0.167 -0.936815 -0.144253 -1.65076 -1.69646 
-0.906 -0.167 -0.933226 -0.153191 -1.66882 -1.68728 
-0.903 -0.166 -0.927969 -0.162058 -1.66772 -1.68135 
-0.91 -0.151 -0.921559 -0.168273 -1.66199 -1.67991 
-0.903 -0.178 -0.916602 -0.169674 -1.65173 -1.68206 
-0.895 -0.178 -0.914604 -0.168014 -1.63501 -1.68341 
-0.919 -0.165 -0.914538 -0.167749 -1.65747 -1.67998 
-0.907 -0.15 -0.915388 -0.170087 -1.67358 -1.67347 
-0.9 -0.147 -0.91715 -0.170757 -1.67725 -1.67081 
-0.916 -0.158 -0.918997 -0.166061 -1.65381 -1.67625 
-0.936 -0.125 -0.920409 -0.157676 -1.69482 -1.68603 
-0.936 -0.125 -0.923789 -0.148939 -1.67212 -1.69415 
-0.922 -0.179 -0.931165 -0.141698 -1.65381 -1.69807 
-0.935 -0.139 -0.939751 -0.139018 -1.68494 -1.69752 
-0.93 -0.116 -0.944887 -0.142423 -1.70337 -1.69464 
-0.933 -0.117 -0.945432 -0.145861 -1.69019 -1.6952 
-0.933 -0.129 -0.943866 -0.141595 -1.69409 -1.70238 
-0.934 -0.142 -0.942804 -0.131469 -1.67297 -1.71166 
-0.943 -0.099 -0.943382 -0.123975 -1.70862 -1.71616 
-0.929 -0.126 -0.94542 -0.122303 -1.69067 -1.71505 
-0.919 -0.186 -0.947229 -0.12409 -1.63672 -1.71173 
-0.923 -0.123 -0.946169 -0.129748 -1.69836 -1.70662 
-0.921 -0.169 -0.941405 -0.140169 -1.65283 -1.69903 
-0.915 -0.161 -0.935298 -0.151446 -1.65149 -1.69121 
-0.926 -0.135 -0.930868 -0.158654 -1.68213 -1.68555 
-0.905 -0.157 -0.929158 -0.160088 -1.66711 -1.68292 
-0.92 -0.136 -0.928862 -0.156462 -1.68433 -1.68456 
-0.91 -0.144 -0.928194 -0.150542 -1.67566 -1.69009 
-0.92 -0.138 -0.926768 -0.145455 -1.68835 -1.69663 
-0.912 -0.161 -0.925686 -0.142842 -1.65356 -1.70113 
-0.922 -0.148 -0.925718 -0.143758 -1.66003 -1.70085 
-0.918 -0.14 -0.92687 -0.147596 -1.66052 -1.69482 
-0.932 -0.136 -0.928868 -0.150903 -1.69031 -1.68648 
-0.923 -0.156 -0.931722 -0.15036 -1.65784 -1.68246 
-0.911 -0.146 -0.934694 -0.147283 -1.66956 -1.68506 
-0.926 -0.13 -0.93585 -0.145312 -1.68945 -1.69036 
-0.912 -0.155 -0.934215 -0.145118 -1.65393 -1.69424 
-0.928 -0.111 -0.93132 -0.144678 -1.69836 -1.69581 
-0.912 -0.164 -0.929554 -0.142517 -1.66016 -1.6962 
-0.907 -0.163 -0.929222 -0.140632 -1.6571 -1.69591 
-0.928 -0.112 -0.928778 -0.142362 -1.6969 -1.69432 
-0.907 -0.162 -0.927627 -0.146442 -1.65955 -1.69226 
-0.929 -0.131 -0.926916 -0.148127 -1.68103 -1.69205 
-0.904 -0.157 -0.927461 -0.146444 -1.66138 -1.6936 
-0.922 -0.118 -0.928291 -0.144326 -1.70154 -1.69486 
-0.908 -0.164 -0.928224 -0.14294 -1.63538 -1.69557 
-0.91 -0.151 -0.926864 -0.142872 -1.66028 -1.69454 
-0.915 -0.149 -0.9248 -0.145333 -1.65527 -1.68951 
-0.916 -0.145 -0.923129 -0.14982 -1.65942 -1.68147 
-0.91 -0.142 -0.922939 -0.152889 -1.68103 -1.67582 
-0.915 -0.184 -0.924003 -0.15291 -1.6283 -1.67611 
-0.934 -0.103 -0.925472 -0.152202 -1.70801 -1.68016 
-0.92 -0.157 -0.927836 -0.151334 -1.65698 -1.68495 
-0.914 -0.153 -0.931413 -0.148687 -1.65881 -1.68932 
-0.924 -0.129 -0.934215 -0.14531 -1.68945 -1.69206 
-0.92 -0.143 -0.934338 -0.143718 -1.67664 -1.69268 
-0.929 -0.135 -0.932884 -0.143113 -1.67944 -1.69376 
-0.917 -0.124 -0.932285 -0.141537 -1.67993 -1.69683 
-0.927 -0.141 -0.933157 -0.138566 -1.66846 -1.69991 
-0.911 -0.149 -0.93424 -0.135696 -1.66199 -1.70028 
-0.93 -0.149 -0.934114 -0.135926 -1.66895 -1.69675 
-0.919 -0.111 -0.933058 -0.13986 -1.70435 -1.69176 
-0.916 -0.148 -0.932257 -0.143023 -1.66211 -1.6906 
-0.913 -0.138 -0.931802 -0.141784 -1.672 -1.69465 
-0.911 -0.142 -0.930448 -0.138469 -1.66663 -1.6988 
-0.906 -0.148 -0.927584 -0.137653 -1.65637 -1.69778 
-0.928 -0.124 -0.92425 -0.140039 -1.67932 -1.69211 
-0.91 -0.165 -0.922727 -0.142894 -1.64795 -1.68619 
-0.911 -0.139 -0.923985 -0.144711 -1.6842 -1.68333 
-0.91 -0.138 -0.926004 -0.146061 -1.67944 -1.68445 
-0.94 -0.14 -0.926674 -0.146745 -1.6781 -1.68912 
-0.916 -0.154 -0.92751 -0.145779 -1.66064 -1.69521 
-0.925 -0.137 -0.930532 -0.144436 -1.68164 -1.69863 
-0.922 -0.165 -0.934458 -0.144785 -1.66077 -1.69745 
-0.939 -0.148 -0.936858 -0.14754 -1.67212 -1.6936 
-0.921 -0.126 -0.937978 -0.15113 -1.67883 -1.69025 
-0.918 -0.117 -0.938773 -0.151392 -1.70105 -1.69017 
-0.926 -0.132 -0.938514 -0.14478 -1.69128 -1.69535 
-0.93 -0.151 -0.936747 -0.134356 -1.66785 -1.70416 
-0.917 -0.157 -0.935109 -0.128822 -1.65356 -1.70993 
-0.925 -0.116 -0.934771 -0.133037 -1.69531 -1.70684 
-0.921 -0.15 -0.934955 -0.141669 -1.672 -1.69802 
-0.915 -0.151 -0.934551 -0.146558 -1.66821 -1.69185 
-0.914 -0.128 -0.933089 -0.146277 -1.68604 -1.69178 
-0.923 -0.133 -0.930699 -0.143881 -1.68188 -1.69516 
-0.933 -0.145 -0.928918 -0.140871 -1.67969 -1.69915 
-0.913 -0.169 -0.929784 -0.138961 -1.65259 -1.70163 
-0.93 -0.142 -0.932865 -0.141467 -1.68262 -1.70023 
-0.925 -0.137 -0.935706 -0.147982 -1.68616 -1.69572 
-0.923 -0.123 -0.936936 -0.152376 -1.69934 -1.69337 
-0.907 -0.132 -0.936607 -0.149108 -1.68994 -1.69769 
-0.933 -0.108 -0.934599 -0.139319 -1.71741 -1.70731 
