1.241 -0.655 0.02482 -0.0131 0.144409 0.00288818 
1.232 -0.696 0.163632 -0.08728 0.115967 0.0184932 
1.267 -0.637 0.490948 -0.263612 0.167236 0.054457 
1.221 -0.698 0.929149 -0.500001 0.112305 0.10251 
1.239 -0.684 1.27927 -0.689554 0.127686 0.140766 
1.254 -0.644 1.41513 -0.765728 0.163574 0.154598 
1.216 -0.71 1.37261 -0.746738 0.109619 0.148777 
1.239 -0.666 1.27238 -0.695401 0.136108 0.137873 
1.221 -0.687 1.20825 -0.663365 0.129883 0.130872 
1.254 -0.636 1.2028 -0.663071 0.166382 0.12956 
1.254 -0.657 1.23114 -0.675771 0.147095 0.134446 
1.226 -0.694 1.26072 -0.681536 0.105347 0.142945 
1.209 -0.713 1.27284 -0.679225 0.10437 0.146842 
1.218 -0.713 1.26474 -0.681276 0.0968018 0.138686 
1.245 -0.651 1.24631 -0.693326 0.150879 0.121792 
1.235 -0.655 1.23292 -0.704789 0.147217 0.109936 
1.264 -0.618 1.23384 -0.701137 0.165161 0.114389 
1.238 -0.698 1.24663 -0.681144 0.125854 0.132793 
1.263 -0.643 1.26153 -0.65996 0.158691 0.151271 
1.239 -0.672 1.27052 -0.652445 0.146606 0.158869 
1.238 -0.654 1.27127 -0.659091 0.140747 0.156032 
1.264 -0.627 1.26651 -0.668499 0.173828 0.150321 
1.236 -0.671 1.26145 -0.670519 0.137573 0.148236 
1.217 -0.738 1.25917 -0.666591 0.111938 0.149915 
1.209 -0.744 1.25666 -0.670361 0.12085 0.148885 
1.219 -0.713 1.24917 -0.691961 0.152344 0.14076 
1.22 -0.739 1.23804 -0.723 0.158203 0.131652 
1.163 -0.824 1.22847 -0.747554 0.10376 0.130547 
1.179 -0.828 1.2207 -0.764342 0.110718 0.135375 
1.215 -0.781 1.21152 -0.783615 0.164185 0.136629 
1.212 -0.805 1.20371 -0.805851 0.165894 0.133764 
1.187 -0.849 1.20392 -0.82115 0.147949 0.13589 
1.168 -0.839 1.21051 -0.827427 0.153931 0.14612 
1.144 -0.911 1.2127 -0.834068 0.116333 0.156332 
1.114 -0.933 1.20177 -0.851058 0.10376 0.156477 
1.106 -0.949 1.17813 -0.881151 0.0997314 0.143403 
1.127 -0.916 1.15013 -0.917448 0.12561 0.123212 
1.088 -0.96 1.12847 -0.9463 0.11377 0.107585 
1.066 -0.995 1.11733 -0.960474 0.0709229 0.103174 
1.108 -0.93 1.11159 -0.965805 0.132446 0.105478 
1.081 -0.972 1.10604 -0.969891 0.0892334 0.107194 
1.101 -0.949 1.10175 -0.972918 0.1073 0.106563 
1.124 -0.898 1.10204 -0.971464 0.146484 0.106169 
1.12 -0.937 1.10836 -0.9631 0.108643 0.109259 
1.136 -0.92 1.11979 -0.949065 0.113647 0.116278 
1.146 -0.894 1.13312 -0.935309 0.126831 0.122674 
1.116 -0.915 1.14447 -0.926279 0.0974121 0.124036 
1.138 -0.875 1.15064 -0.920701 0.121338 0.120649 
1.143 -0.873 1.15089 -0.914688 0.112549 0.115757 
1.16 -0.853 1.14919 -0.905102 0.119629 0.112792 
1.201 -0.81 1.15232 -0.890458 0.150513 0.114113 
1.162 -0.828 1.16422 -0.871152 0.114258 0.120103 
1.174 -0.843 1.18098 -0.850808 0.0958252 0.127279 
1.202 -0.784 1.19394 -0.835824 0.140991 0.129374 
1.18 -0.792 1.19932 -0.827837 0.114014 0.125105 
1.218 -0.781 1.20106 -0.82098 0.145508 0.120597 
1.193 -0.829 1.2044 -0.811439 0.107788 0.121326 
1.194 -0.805 1.2101 -0.804424 0.116455 0.125311 
1.199 -0.801 1.21493 -0.805794 0.130859 0.127199 
1.188 -0.797 1.21572 -0.81288 0.123779 0.125511 
1.199 -0.809 1.21294 -0.817802 0.122803 0.123538 
1.213 -0.791 1.2099 -0.817125 0.134521 0.123835 
1.192 -0.8 1.20993 -0.813031 0.123901 0.126096 
1.194 -0.851 1.213 -0.809924 0.114746 0.12849 
1.217 -0.804 1.21587 -0.812613 0.14502 0.129163 
1.194 -0.858 1.21693 -0.822304 0.12915 0.128726 
1.184 -0.835 1.21689 -0.835192 0.155273 0.130072 
1.201 -0.854 1.21531 -0.846462 0.147461 0.135132 
1.152 -0.881 1.21105 -0.854901 0.129517 0.142303 
1.149 -0.884 1.20316 -0.862904 0.136475 0.147178 
1.176 -0.851 1.19132 -0.872875 0.175049 0.147139 
1.166 -0.848 1.17921 -0.881425 0.178711 0.146547 
1.164 -0.841 1.17315 -0.881735 0.184204 0.152648 
1.196 -0.823 1.17524 -0.871927 0.18335 0.166326 
1.213 -0.786 1.18348 -0.856031 0.187134 0.180995 
1.178 -0.824 1.19562 -0.838428 0.13501 0.189061 
1.22 -0.762 1.2079 -0.822486 0.184692 0.186498 
1.197 -0.782 1.21613 -0.809709 0.157471 0.176186 
1.174 -0.827 1.21879 -0.800344 0.128906 0.165357 
1.194 -0.835 1.21608 -0.797611 0.145386 0.157521 
1.21 -0.774 1.20982 -0.805353 0.19104 0.1519 
1.212 -0.767 1.20571 -0.816834 0.182617 0.151386 
1.177 -0.811 1.20821 -0.818732 0.163086 0.159769 
1.212 -0.811 1.21405 -0.809403 0.167236 0.172524 
1.166 -0.854 1.21664 -0.802103 0.123413 0.179101 
1.178 -0.835 1.21275 -0.809012 0.146484 0.173065 
1.209 -0.81 1.20453 -0.827786 0.163696 0.158199 
1.189 -0.817 1.19813 -0.844361 0.165283 0.14591 
1.192 -0.808 1.19866 -0.847011 0.163208 0.14531 
1.19 -0.808 1.20431 -0.836731 0.167847 0.154874 
1.159 -0.883 1.20839 -0.824772 0.117676 0.165054 
1.187 -0.825 1.20604 -0.823592 0.163452 0.166657 
1.164 -0.862 1.19814 -0.836166 0.134277 0.158679 
1.125 -0.892 1.18867 -0.854605 0.113525 0.147366 
1.136 -0.896 1.17852 -0.871204 0.113281 0.13752 
1.151 -0.899 1.16648 -0.88558 0.119263 0.128758 
1.144 -0.881 1.15564 -0.898207 0.133545 0.121359 
1.154 -0.858 1.15147 -0.905429 0.144287 0.118805 
1.136 -0.905 1.15459 -0.903635 0.115234 0.123098 
1.129 -0.904 1.15954 -0.896613 0.110107 0.129981 
1.186 -0.856 1.1612 -0.892949 0.147095 0.132523 
1.147 -0.872 1.16122 -0.894227 0.130859 0.130111 
1.164 -0.859 1.16431 -0.893654 0.137573 0.128481 
1.146 -0.85 1.17022 -0.886823 0.130737 0.130987 
1.169 -0.869 1.17422 -0.87653 0.133301 0.135145 
1.141 -0.871 1.17431 -0.868711 0.117798 0.137115 
1.167 -0.852 1.17193 -0.867368 0.133179 0.13524 
1.198 -0.815 1.17056 -0.869901 0.168579 0.131941 
1.151 -0.86 1.174 -0.868645 0.129761 0.132592 
1.137 -0.876 1.1809 -0.861716 0.107544 0.138115 
1.197 -0.804 1.18413 -0.855922 0.171387 0.142274 
1.157 -0.878 1.18155 -0.855249 0.118652 0.141447 
1.183 -0.79 1.17903 -0.856042 0.17334 0.139489 
1.193 -0.856 1.18147 -0.853317 0.143433 0.141377 
1.169 -0.848 1.18817 -0.847701 0.140747 0.146906 
1.186 -0.836 1.19522 -0.844238 0.143311 0.151781 
1.225 -0.77 1.19968 -0.84489 0.193237 0.152974 
1.172 -0.886 1.20315 -0.843818 0.126831 0.153525 
1.189 -0.825 1.20731 -0.839492 0.15271 0.155945 
1.18 -0.85 1.20928 -0.838589 0.133057 0.157017 
1.167 -0.865 1.20597 -0.845122 0.117432 0.152618 
1.218 -0.809 1.19948 -0.85456 0.157104 0.143733 
1.157 -0.845 1.19532 -0.859532 0.134521 0.135829 
1.179 -0.835 1.19554 -0.85643 0.147583 0.134076 
1.186 -0.838 1.19674 -0.848868 0.140503 0.138402 
1.165 -0.837 1.19565 -0.843682 0.140015 0.143977 
1.158 -0.853 1.19254 -0.843732 0.123657 0.146317 
1.167 -0.848 1.1878 -0.847982 0.132813 0.143669 
1.19 -0.824 1.18263 -0.853501 0.153809 0.138122 
1.134 -0.895 1.18009 -0.857208 0.10498 0.134134 
1.195 -0.82 1.18055 -0.859408 0.159058 0.133474 
1.167 -0.818 1.18209 -0.860707 0.150513 0.135267 
1.209 -0.783 1.18479 -0.856775 0.185913 0.140256 
1.168 -0.851 1.19053 -0.84357 0.131592 0.149818 
1.187 -0.814 1.19754 -0.827882 0.161987 0.159809 
1.19 -0.854 1.20185 -0.821352 0.14917 0.163892 
1.181 -0.831 1.20213 -0.827973 0.148193 0.16081 
1.196 -0.809 1.20079 -0.840403 0.171631 0.155371 
1.187 -0.802 1.20048 -0.8471 0.164673 0.153271 
1.175 -0.849 1.2016 -0.842306 0.140503 0.156398 
1.175 -0.818 1.20201 -0.832338 0.1521 0.160693 
1.19 -0.801 1.19966 -0.827026 0.166992 0.161067 
1.172 -0.83 1.19588 -0.827575 0.143188 0.158042 
1.201 -0.826 1.19379 -0.829277 0.148438 0.155178 
1.157 -0.844 1.19468 -0.830978 0.127197 0.152983 
1.159 -0.867 1.19572 -0.8356 0.124512 0.148918 
1.194 -0.83 1.19314 -0.844776 0.161133 0.142298 
1.148 -0.885 1.18773 -0.855863 0.118896 0.136655 
1.18 -0.849 1.18346 -0.865039 0.149292 0.135355 
1.169 -0.861 1.18212 -0.870618 0.134888 0.137567 
1.201 -0.832 1.18348 -0.872176 0.165283 0.140712 
1.101 -0.934 1.18659 -0.870422 0.0777588 0.143246 
1.171 -0.83 1.1861 -0.870857 0.156982 0.141842 
1.164 -0.889 1.17835 -0.876679 0.13208 0.135654 
1.165 -0.827 1.16889 -0.882894 0.160156 0.130436 
1.153 -0.874 1.16631 -0.881996 0.129028 0.132661 
1.158 -0.869 1.17041 -0.874853 0.127563 0.139904 
1.192 -0.817 1.17552 -0.867891 0.164062 0.144863 
1.196 -0.817 1.18027 -0.862931 0.175049 0.146022 
1.175 -0.831 1.18746 -0.855263 0.151611 0.148982 
1.194 -0.803 1.19657 -0.843305 0.170776 0.1565 
1.179 -0.836 1.20314 -0.831828 0.161865 0.16461 
1.161 -0.851 1.20401 -0.826654 0.142456 0.168485 
1.194 -0.808 1.19955 -0.830133 0.166016 0.166652 
1.185 -0.807 1.19366 -0.837635 0.182373 0.16196 
1.2 -0.81 1.19184 -0.839895 0.177734 0.160603 
1.169 -0.837 1.19599 -0.83365 0.153931 0.165752 
1.229 -0.773 1.20245 -0.825056 0.207031 0.173487 
1.187 -0.827 1.20815 -0.819448 0.162109 0.179174 
1.19 -0.811 1.21253 -0.817083 0.17041 0.181645 
1.21 -0.82 1.21477 -0.817474 0.179443 0.180996 
1.231 -0.788 1.21517 -0.820304 0.199219 0.178586 
1.152 -0.85 1.2166 -0.82287 0.144043 0.177847 
1.19 -0.833 1.21747 -0.824989 0.169067 0.178423 
1.177 -0.853 1.21258 -0.830334 0.158325 0.176151 
1.174 -0.833 1.20219 -0.840411 0.171997 0.170156 
1.193 -0.826 1.19288 -0.850352 0.183105 0.165203 
1.168 -0.88 1.18951 -0.854833 0.155151 0.165517 
1.164 -0.865 1.19094 -0.855836 0.17334 0.169704 
1.144 -0.872 1.19143 -0.860145 0.157715 0.172806 
1.148 -0.897 1.18588 -0.870289 0.146484 0.171531 
1.151 -0.899 1.17501 -0.883251 0.148438 0.165933 
1.133 -0.87 1.16412 -0.895249 0.158936 0.158273 
1.154 -0.879 1.15754 -0.902186 0.151489 0.152424 
1.105 -0.936 1.15514 -0.902379 0.10144 0.149996 
1.135 -0.917 1.15298 -0.901872 0.123047 0.146651 
1.123 -0.912 1.14812 -0.908501 0.115967 0.137677 
1.161 -0.887 1.14259 -0.920319 0.137573 0.125736 
1.181 -0.835 1.14287 -0.925741 0.165894 0.119519 
1.13 -0.887 1.15269 -0.915697 0.101929 0.124205 
1.155 -0.872 1.16653 -0.894553 0.134766 0.13439 
1.14 -0.864 1.17405 -0.876588 0.121338 0.139584 
1.196 -0.809 1.17223 -0.869782 0.16687 0.13677 
1.189 -0.815 1.16969 -0.86678 0.154907 0.133866 
1.202 -0.811 1.17617 -0.856695 0.165039 0.138753 
1.189 -0.83 1.19184 -0.839467 0.136108 0.150221 
1.201 -0.83 1.20784 -0.825323 0.146729 0.159433 
1.193 -0.819 1.21631 -0.822304 0.147827 0.159905 
1.199 -0.813 1.21652 -0.828158 0.154175 0.1537 
1.219 -0.808 1.21343 -0.833871 0.15979 0.148224 
1.22 -0.783 1.21319 -0.832515 0.170044 0.148754 
1.168 -0.835 1.21782 -0.824149 0.141724 0.154786 
1.194 -0.796 1.22179 -0.815343 0.159058 0.16101 
1.21 -0.798 1.21898 -0.812094 0.174438 0.163013 
1.196 -0.817 1.21201 -0.813747 0.159546 0.162153 
1.206 -0.809 1.20846 -0.816227 0.155518 0.162236 
1.168 -0.822 1.21017 -0.818387 0.150513 0.163249 
1.169 -0.835 1.21132 -0.821585 0.127686 0.161878 
1.181 -0.831 1.2062 -0.827062 0.15564 0.156161 
1.172 -0.85 1.19615 -0.834754 0.145874 0.148549 
1.166 -0.821 1.18754 -0.842834 0.144531 0.143857 
1.203 -0.796 1.18445 -0.847296 0.180176 0.144744 
1.137 -0.882 1.1865 -0.845041 0.110718 0.14981 
1.207 -0.777 1.18985 -0.839354 0.18042 0.154437 
1.165 -0.825 1.19154 -0.835013 0.14856 0.155665 
1.201 -0.789 1.19218 -0.831166 0.184082 0.155652 
1.158 -0.864 1.19396 -0.825622 0.138062 0.158381 
1.203 -0.794 1.19603 -0.822633 0.197021 0.16317 
1.165 -0.841 1.19706 -0.825583 0.167847 0.16799 
1.154 -0.862 1.19612 -0.832673 0.146729 0.171901 
1.16 -0.867 1.19179 -0.842033 0.138672 0.172466 
1.147 -0.887 1.18342 -0.854887 0.127075 0.165816 
1.151 -0.879 1.17364 -0.87066 0.13562 0.152523 
1.161 -0.867 1.16638 -0.884946 0.153931 0.139135 
1.143 -0.903 1.16375 -0.893092 0.122681 0.132765 
1.121 -0.926 1.16405 -0.896081 0.0913086 0.133232 
1.161 -0.875 1.16282 -0.900157 0.142334 0.132856 
1.123 -0.913 1.15854 -0.9074 0.107544 0.127327 
1.119 -0.91 1.15335 -0.913689 0.106934 0.120203 
1.153 -0.862 1.14876 -0.915689 0.137939 0.115901 
1.179 -0.845 1.14678 -0.911575 0.154419 0.116502 
1.186 -0.812 1.15254 -0.898029 0.182495 0.124635 
1.174 -0.866 1.16802 -0.875442 0.12439 0.140323 
1.187 -0.808 1.18669 -0.852782 0.156494 0.155886 
1.175 -0.829 1.19932 -0.839184 0.133423 0.161853 
1.216 -0.782 1.20298 -0.834356 0.177734 0.157261 
1.186 -0.798 1.20279 -0.830123 0.151978 0.150939 
1.16 -0.852 1.20369 -0.82235 0.118164 0.149842 
1.222 -0.798 1.20467 -0.816383 0.174438 0.151731 
1.191 -0.826 1.20442 -0.818176 0.139893 0.152 
1.176 -0.828 1.20515 -0.82543 0.138916 0.150696 
1.232 -0.766 1.20767 -0.830954 0.199219 0.150265 
1.154 -0.86 1.2103 -0.830011 0.112305 0.152552 
1.178 -0.823 1.21054 -0.825359 0.154785 0.156084 
1.219 -0.764 1.20654 -0.823513 0.185791 0.157133 
1.191 -0.799 1.20167 -0.823404 0.153198 0.156595 
1.238 -0.756 1.20305 -0.817206 0.189087 0.159469 
1.173 -0.843 1.2122 -0.80437 0.111694 0.165528 
1.212 -0.793 1.22195 -0.795297 0.168457 0.167893 
1.21 -0.832 1.22523 -0.798605 0.155273 0.162897 
1.208 -0.796 1.22254 -0.811862 0.176147 0.15561 
1.177 -0.838 1.2192 -0.824804 0.138428 0.153796 
1.201 -0.784 1.21652 -0.830672 0.186646 0.157836 
1.146 -0.843 1.21202 -0.829299 0.130127 0.16289 
1.169 -0.83 1.20341 -0.825916 0.14563 0.164101 
1.144 -0.873 1.19106 -0.827509 0.11731 0.158921 
1.181 -0.84 1.17845 -0.837994 0.147827 0.148167 
1.147 -0.87 1.17094 -0.853551 0.119751 0.137127 
1.166 -0.854 1.17029 -0.866705 0.148315 0.130974 
1.116 -0.91 1.17252 -0.873936 0.0970459 0.130401 
1.167 -0.879 1.17132 -0.879116 0.128906 0.130877 
1.192 -0.83 1.16662 -0.885526 0.163574 0.129219 
1.167 -0.869 1.16602 -0.888571 0.137817 0.12885 
1.17 -0.873 1.17425 -0.883249 0.138306 0.134186 
1.154 -0.846 1.18528 -0.873962 0.149414 0.142505 
1.16 -0.879 1.18963 -0.868485 0.139404 0.147881 
1.196 -0.811 1.1857 -0.868019 0.180542 0.149248 
1.165 -0.845 1.18077 -0.867016 0.141846 0.150538 
1.207 -0.791 1.18207 -0.85997 0.194092 0.154877 
1.135 -0.872 1.18922 -0.847135 0.129761 0.161606 
1.181 -0.81 1.19467 -0.836268 0.169556 0.166415 
1.143 -0.904 1.1924 -0.835037 0.11084 0.165297 
1.168 -0.844 1.18341 -0.84558 0.14856 0.157057 
1.152 -0.863 1.17411 -0.862154 0.132446 0.145435 
1.162 -0.842 1.16924 -0.874977 0.145264 0.136491 
1.142 -0.894 1.16899 -0.877711 0.131836 0.13416 
1.16 -0.846 1.17002 -0.874287 0.14978 0.136972 
1.215 -0.816 1.17099 -0.870842 0.173218 0.141834 
1.173 -0.867 1.17584 -0.86676 0.1521 0.148137 
1.151 -0.91 1.18621 -0.861585 0.121704 0.154862 
1.182 -0.814 1.19497 -0.861716 0.166382 0.157525 
1.158 -0.88 1.19485 -0.868718 0.126099 0.153892 
1.168 -0.827 1.18779 -0.874397 0.15271 0.147509 
1.179 -0.842 1.18083 -0.871797 0.155396 0.143478 
1.165 -0.868 1.17867 -0.863107 0.127075 0.143708 
1.201 -0.825 1.18183 -0.855302 0.158569 0.146278 
1.197 -0.805 1.18884 -0.851819 0.160156 0.148459 
1.17 -0.865 1.19758 -0.849065 0.124634 0.149961 
1.2 -0.835 1.20445 -0.845123 0.150391 0.150548 
1.176 -0.856 1.20632 -0.844154 0.130737 0.148642 
1.225 -0.799 1.20464 -0.847937 0.18689 0.145325 
1.195 -0.822 1.20482 -0.85024 0.153931 0.145782 
1.232 -0.785 1.21026 -0.844422 0.192505 0.153262 
1.218 -0.78 1.22 -0.830074 0.194702 0.166036 
1.227 -0.78 1.23028 -0.812201 0.194458 0.179885 
1.241 -0.77 1.23822 -0.796456 0.203369 0.191588 
1.195 -0.816 1.24269 -0.787186 0.167114 0.198677 
1.196 -0.811 1.2422 -0.78751 0.159546 0.198574 
1.226 -0.754 1.23545 -0.796434 0.212158 0.191016 
1.181 -0.807 1.22555 -0.805721 0.178223 0.182107 
1.165 -0.818 1.21702 -0.807974 0.174316 0.179376 
1.149 -0.845 1.20855 -0.807228 0.165405 0.18217 
1.173 -0.823 1.19626 -0.813262 0.188599 0.183691 
1.131 -0.913 1.18183 -0.828769 0.134521 0.180767 
1.179 -0.821 1.1705 -0.84963 0.202026 0.174894 
1.161 -0.842 1.16605 -0.867491 0.190186 0.170615 
1.146 -0.866 1.16836 -0.873909 0.171997 0.172618 
1.177 -0.837 1.17342 -0.868568 0.203491 0.18049 
1.151 -0.871 1.17671 -0.860496 0.17749 0.188639 
1.154 -0.846 1.177 -0.857631 0.189819 0.192782 
1.167 -0.873 1.17522 -0.860839 0.177612 0.192487 
1.15 -0.871 1.17291 -0.867213 0.172119 0.189053 
1.149 -0.862 1.17135 -0.873726 0.181519 0.184316 
1.137 -0.903 1.16972 -0.879047 0.15686 0.179771 
1.162 -0.869 1.1665 -0.883834 0.175537 0.175898 
1.159 -0.862 1.16321 -0.888329 0.176025 0.172896 
1.144 -0.878 1.16297 -0.890113 0.166992 0.171592 
1.159 -0.856 1.16574 -0.88724 0.183228 0.172495 
1.133 -0.878 1.16809 -0.881781 0.167725 0.174686 
1.166 -0.857 1.16745 -0.877443 0.175659 0.176616 
1.152 -0.87 1.16518 -0.875763 0.182129 0.17745 
1.136 -0.884 1.16405 -0.876384 0.158081 0.177364 
1.157 -0.878 1.16426 -0.879067 0.17041 0.176339 
1.158 -0.851 1.16427 -0.883188 0.177734 0.174108 
1.173 -0.831 1.165 -0.884621 0.180054 0.172176 
1.201 -0.814 1.16958 -0.877557 0.202637 0.173553 
1.157 -0.825 1.17926 -0.861001 0.186768 0.179663 
1.166 -0.846 1.18981 -0.8421 0.175537 0.187984 
1.176 -0.829 1.19428 -0.831247 0.188965 0.19323 
1.163 -0.865 1.19095 -0.8331 0.165283 0.192196 
1.133 -0.874 1.18405 -0.84459 0.147461 0.185743 
1.18 -0.826 1.1769 -0.859166 0.181641 0.176338 
1.141 -0.868 1.17124 -0.86943 0.159668 0.167693 
1.148 -0.857 1.16832 -0.871299 0.153809 0.163428 
1.187 -0.824 1.16794 -0.867261 0.196899 0.163815 
1.166 -0.844 1.17017 -0.86142 0.160645 0.167268 
1.165 -0.824 1.17579 -0.854842 0.169067 0.172116 
1.224 -0.766 1.1835 -0.846712 0.220093 0.176494 
1.216 -0.754 1.19296 -0.833649 0.215454 0.181761 
1.163 -0.857 1.20514 -0.814134 0.142578 0.190598 
1.226 -0.747 1.2159 -0.79699 0.217285 0.198479 
1.222 -0.821 1.22039 -0.792058 0.186401 0.199162 
1.216 -0.823 1.22165 -0.79848 0.180542 0.194585 
1.218 -0.795 1.2253 -0.809207 0.189941 0.190497 
1.189 -0.844 1.23033 -0.819363 0.161987 0.188083 
1.187 -0.84 1.23101 -0.827182 0.1604 0.184967 
1.199 -0.85 1.22417 -0.834597 0.166504 0.178961 
1.186 -0.831 1.21326 -0.843574 0.176147 0.171289 
1.185 -0.845 1.20466 -0.851523 0.169189 0.166451 
1.23 -0.794 1.20194 -0.854052 0.210449 0.167796 
1.165 -0.867 1.20518 -0.849426 0.151245 0.174864 
1.184 -0.834 1.21031 -0.842377 0.169189 0.18229 
1.219 -0.798 1.21163 -0.839366 0.198853 0.184095 
1.223 -0.797 1.20989 -0.839085 0.206177 0.181681 
1.198 -0.799 1.21207 -0.83382 0.189575 0.182856 
1.165 -0.853 1.21869 -0.822911 0.15564 0.189438 
1.152 -0.848 1.22017 -0.816714 0.151245 0.19302 
1.166 -0.851 1.20886 -0.824436 0.165527 0.185829 
1.16 -0.849 1.18918 -0.842987 0.171143 0.171267 
1.139 -0.866 1.1725 -0.860729 0.148804 0.159892 
1.181 -0.817 1.16517 -0.86931 0.183472 0.157435 
1.157 -0.838 1.16638 -0.867035 0.163696 0.161864 
1.16 -0.846 1.17213 -0.857368 0.169067 0.168283 
1.146 -0.902 1.1773 -0.848834 0.130737 0.171983 
1.131 -0.887 1.17699 -0.852004 0.130859 0.168572 
1.157 -0.868 1.17019 -0.868994 0.146484 0.157361 
1.136 -0.888 1.16113 -0.889306 0.127686 0.143738 
1.175 -0.858 1.15585 -0.900059 0.151489 0.135016 
1.163 -0.851 1.15804 -0.897181 0.161743 0.134659 
1.18 -0.834 1.16689 -0.884656 0.177612 0.14203 
1.155 -0.875 1.17804 -0.869267 0.156128 0.154221 
1.172 -0.818 1.18561 -0.858172 0.16687 0.165788 
1.168 -0.864 1.18689 -0.854194 0.148682 0.171295 
1.183 -0.829 1.18443 -0.854747 0.16626 0.169351 
1.222 -0.792 1.18424 -0.854491 0.201172 0.164586 
1.186 -0.835 1.19126 -0.848686 0.178467 0.164681 
1.187 -0.814 1.20371 -0.837532 0.17981 0.172714 
1.228 -0.771 1.21413 -0.826454 0.21814 0.184007 
1.182 -0.819 1.21838 -0.81833 0.173584 0.192934 
1.19 -0.838 1.21803 -0.813117 0.164551 0.196801 
1.163 -0.848 1.21421 -0.814415 0.145508 0.193111 
1.199 -0.783 1.20659 -0.824612 0.194214 0.181604 
1.193 -0.831 1.19861 -0.835923 0.180786 0.169695 
1.163 -0.822 1.19528 -0.838755 0.167969 0.166453 
1.129 -0.843 1.19524 -0.834243 0.177979 0.172113 
1.038 -0.843 1.18814 -0.831728 0.159058 0.178717 
0.926 -0.911 1.16024 -0.837956 0.133789 0.17903 
0.869 -0.896 1.10249 -0.854905 0.141113 0.170717 
0.862 -0.887 1.01976 -0.879209 0.186646 0.157576 
0.749 -0.923 0.932222 -0.902062 0.152588 0.148999 
0.659 -0.943 0.857345 -0.916772 0.138184 0.150618 
0.609 -0.969 0.793229 -0.926603 0.132935 0.156515 
0.583 -0.952 0.728482 -0.939246 0.142456 0.156627 
0.574 -0.959 0.662783 -0.955658 0.136963 0.149226 
0.552 -0.935 0.60812 -0.969086 0.115601 0.140077 
0.528 -0.94 0.573822 -0.972631 0.0383301 0.131592 
0.552 -0.92 0.557551 -0.965701 -0.0130615 0.116317 
0.55 -0.931 0.551368 -0.953296 -0.150024 0.0819009 
0.578 -0.944 0.550878 -0.942354 -0.284668 0.018574 
0.555 -0.958 0.555726 -0.938584 -0.464844 -0.0782358 
0.547 -1.009 0.563572 -0.945194 -0.65564 -0.208883 
0.597 -0.997 0.569577 -0.962485 -0.766968 -0.368042 
0.542 -1.063 0.572098 -0.987422 -0.961792 -0.542525 
0.533 -1.106 0.572059 -1.01661 -1.06299 -0.715879 
0.553 -1.093 0.568131 -1.04901 -1.08899 -0.874151 
0.522 -1.137 0.559429 -1.08274 -1.0625 -1.00286 
0.552 -1.11 0.549516 -1.1122 -0.911499 -1.08191 
0.52 -1.073 0.542884 -1.13057 -0.793335 -1.09136 
0.523 -1.06 0.540085 -1.1325 -0.598389 -1.02415 
0.505 -0.961 0.537878 -1.11542 -0.437378 -0.892259 
0.493 -0.9 0.532258 -1.07922 -0.252319 -0.720791 
0.473 -0.799 0.521741 -1.0243 -0.0592041 -0.534241 
0.405 -0.702 0.506057 -0.951599 0.0720215 -0.347764 
0.366 -0.593 0.482677 -0.864139 0.194458 -0.169202 
0.317 -0.536 0.447871 -0.766781 0.175293 -0.00824621 
0.28 -0.487 0.401981 -0.66812 0.0842285 0.115691 
0.291 -0.438 0.35224 -0.579973 -0.0488281 0.175986 
0.283 -0.445 0.310173 -0.511845 -0.22522 0.153146 
0.29 -0.464 0.285338 -0.467764 -0.279541 0.0516675 
0.297 -0.488 0.279311 -0.448515 -0.263794 -0.0927219 
0.314 -0.501 0.285942 -0.452154 -0.264404 -0.224396 
0.313 -0.536 0.297518 -0.471988 -0.349731 -0.300555 
0.321 -0.527 0.308783 -0.498393 -0.442993 -0.323388 
0.306 -0.561 0.316965 -0.522874 -0.647095 -0.337095 
0.315 -0.573 0.320633 -0.541656 -0.816284 -0.393632 
0.306 -0.631 0.31997 -0.557134 -1.0072 -0.51847 
0.287 -0.684 0.316358 -0.576843 -1.18372 -0.700544 
0.281 -0.729 0.310495 -0.608442 -1.3241 -0.906477 
0.247 -0.807 0.301469 -0.654446 -1.46204 -1.1036 
0.248 -0.862 0.28816 -0.71172 -1.49316 -1.27243 
0.278 -0.891 0.272374 -0.774467 -1.41052 -1.40155 
0.281 -0.895 0.260744 -0.834702 -1.23206 -1.47442 
0.31 -0.865 0.260716 -0.88159 -1.07202 -1.46853 
0.287 -0.836 0.273213 -0.904784 -0.938721 -1.37517 
0.311 -0.778 0.290786 -0.899793 -0.775879 -1.21627 
0.309 -0.718 0.304555 -0.869542 -0.629395 -1.03324 
0.263 -0.657 0.310237 -0.82123 -0.49646 -0.85942 
0.304 -0.568 0.307587 -0.761877 -0.231812 -0.703575 
0.25 -0.521 0.298836 -0.69592 -0.143555 -0.552459 
0.225 -0.427 0.286664 -0.625969 -0.110352 -0.393905 
0.274 -0.405 0.272208 -0.554558 -0.118774 -0.241944 
0.331 -0.376 0.259929 -0.486559 -0.176147 -0.132499 
0.378 -0.364 0.262355 -0.429486 -0.160156 -0.0908209 
0.429 -0.356 0.29031 -0.38993 -0.275146 -0.110254 
0.501 -0.38 0.341732 -0.369048 -0.378418 -0.165253 
0.586 -0.358 0.405989 -0.363274 -0.420288 -0.236279 
0.671 -0.353 0.475509 -0.365945 -0.476074 -0.314532 
0.73 -0.375 0.549139 -0.369452 -0.596069 -0.392836 
0.767 -0.433 0.625663 -0.37141 -0.752686 -0.469667 
0.86 -0.428 0.699524 -0.37819 -0.862061 -0.55603 
0.906 -0.445 0.766277 -0.395997 -1.01038 -0.664822 
0.922 -0.546 0.826521 -0.423216 -1.22046 -0.798197 
1 -0.549 0.881423 -0.456722 -1.30933 -0.950098 
1.022 -0.636 0.930739 -0.497258 -1.38489 -1.10917 
1.113 -0.629 0.976484 -0.544831 -1.34875 -1.25423 
1.107 -0.691 1.02311 -0.594093 -1.35522 -1.35767 
1.182 -0.708 1.07179 -0.638572 -1.29089 -1.4026 
1.257 -0.639 1.12084 -0.673366 -1.23352 -1.3929 
1.281 -0.59 1.17071 -0.691366 -1.20471 -1.34764 
1.364 -0.466 1.22398 -0.681037 -1.14941 -1.28887 
1.414 -0.444 1.28103 -0.634681 -1.17566 -1.23405 
1.45 -0.463 1.33994 -0.561504 -1.22229 -1.19561 
1.465 -0.307 1.39686 -0.486108 -1.14441 -1.18075 
1.519 -0.284 1.44589 -0.425433 -1.17151 -1.18483 
1.555 -0.247 1.48454 -0.374983 -1.14343 -1.19199 
1.542 -0.279 1.51629 -0.325746 -1.18164 -1.1901 
1.524 -0.376 1.54324 -0.285523 -1.24292 -1.18319 
1.552 -0.213 1.56108 -0.270857 -1.12646 -1.18357 
1.502 -0.328 1.56587 -0.280959 -1.17883 -1.19249 
1.499 -0.367 1.55902 -0.298301 -1.18823 -1.19873 
1.491 -0.375 1.54467 -0.31414 -1.17676 -1.19656 
1.442 -0.533 1.52673 -0.337326 -1.22327 -1.19287 
1.393 -0.492 1.50642 -0.37879 -1.16943 -1.19531 
1.392 -0.605 1.48088 -0.438369 -1.19226 -1.20285 
1.336 -0.691 1.4486 -0.506489 -1.20789 -1.20903 
1.35 -0.698 1.41352 -0.574759 -1.15747 -1.21015 
1.293 -0.738 1.38179 -0.639469 -1.1532 -1.20607 
1.322 -0.733 1.35653 -0.694424 -1.12317 -1.1956 
1.273 -0.768 1.33777 -0.732543 -1.12598 -1.17813 
1.173 -0.911 1.32119 -0.756666 -1.21252 -1.15957 
1.158 -0.944 1.29655 -0.784283 -1.19812 -1.15286 
1.163 -0.971 1.25623 -0.833244 -1.16248 -1.16607 
1.216 -0.903 1.20968 -0.898972 -1.08972 -1.18784 
1.076 -1.027 1.17721 -0.95526 -1.18896 -1.19523 
1.058 -1.058 1.16258 -0.98642 -1.172 -1.18245 
1.119 -1.015 1.14887 -1.00329 -1.11536 -1.166 
1.058 -1.031 1.1257 -1.02125 -1.15063 -1.15916 
1.166 -0.934 1.1033 -1.03727 -1.0542 -1.15714 
1.032 -1.064 1.09585 -1.03881 -1.18738 -1.14982 
1.078 -1.008 1.1012 -1.02716 -1.13184 -1.13932 
1.043 -1.015 1.10433 -1.01729 -1.15637 -1.13665 
1.109 -0.941 1.09597 -1.01714 -1.09167 -1.14514 
1.108 -0.935 1.08488 -1.01606 -1.09143 -1.1526 
1.019 -1.033 1.08343 -1.00305 -1.18408 -1.14811 
1.057 -0.987 1.08862 -0.985906 -1.15564 -1.13862 
1.085 -0.959 1.08799 -0.980794 -1.12891 -1.13947 
1.059 -0.983 1.07995 -0.988495 -1.18127 -1.15262 
1.14 -0.852 1.07526 -0.993554 -1.11548 -1.16667 
1.11 -0.846 1.08322 -0.979603 -1.12927 -1.17141 
1.098 -0.913 1.10265 -0.942965 -1.19348 -1.16579 
1.228 -0.725 1.12484 -0.897238 -1.0625 -1.15704 
1.166 -0.805 1.14585 -0.857094 -1.15125 -1.15036 
1.166 -0.797 1.16787 -0.825453 -1.14209 -1.14489 
1.2 -0.751 1.18796 -0.802101 -1.12439 -1.14125 
1.168 -0.804 1.19924 -0.789305 -1.16992 -1.14298 
1.252 -0.755 1.20239 -0.785496 -1.11633 -1.14951 
1.177 -0.793 1.20541 -0.786013 -1.15063 -1.15609 
1.228 -0.783 1.21284 -0.787699 -1.1405 -1.15872 
1.199 -0.82 1.22183 -0.790311 -1.17126 -1.15801 
1.25 -0.738 1.22784 -0.795034 -1.10461 -1.15799 
1.201 -0.83 1.2316 -0.799204 -1.17896 -1.15912 
1.195 -0.83 1.23417 -0.801386 -1.17468 -1.16066 
1.19 -0.825 1.23273 -0.806554 -1.18018 -1.16549 
1.186 -0.84 1.22454 -0.819027 -1.16711 -1.17583 
1.138 -0.848 1.21152 -0.834855 -1.19263 -1.1874 
1.255 -0.745 1.19839 -0.845789 -1.11304 -1.1937 
1.183 -0.874 1.19269 -0.84467 -1.18701 -1.19065 
1.227 -0.821 1.19962 -0.834236 -1.13074 -1.1802 
1.168 -0.851 1.21427 -0.827187 -1.18457 -1.16955 
1.197 -0.798 1.22375 -0.831423 -1.14929 -1.16572 
1.137 -0.922 1.22017 -0.841588 -1.2439 -1.17059 
1.17 -0.845 1.20479 -0.852978 -1.16333 -1.18364 
1.15 -0.893 1.18557 -0.866044 -1.20703 -1.20019 
1.189 -0.835 1.17167 -0.878898 -1.15027 -1.21165 
1.157 -0.849 1.16888 -0.884363 -1.16077 -1.21059 
1.239 -0.767 1.17653 -0.877162 -1.09094 -1.19642 
1.182 -0.823 1.19097 -0.856953 -1.15833 -1.17352 
1.166 -0.831 1.20618 -0.831739 -1.15784 -1.15178 
1.181 -0.833 1.21353 -0.815519 -1.15137 -1.14272 
1.167 -0.891 1.20827 -0.818091 -1.19299 -1.1503 
1.209 -0.824 1.19642 -0.836913 -1.14001 -1.16724 
1.166 -0.817 1.18903 -0.858177 -1.15417 -1.18139 
1.135 -0.906 1.18932 -0.86774 -1.20581 -1.18545 
1.158 -0.892 1.18958 -0.866702 -1.19751 -1.18392 
1.1 -0.903 1.18145 -0.869759 -1.20959 -1.18778 
1.209 -0.828 1.16637 -0.883285 -1.13672 -1.19931 
1.182 -0.863 1.15631 -0.89527 -1.15186 -1.20712 
1.196 -0.801 1.16248 -0.891718 -1.12695 -1.19967 
1.2 -0.813 1.18337 -0.871306 -1.14136 -1.17837 
1.164 -0.829 1.20507 -0.844631 -1.15564 -1.15633 
