-0.42053 -0.59337 0
-0.41 -0.6 -0.588501
-0.432 -0.584 -0.635498
-0.447 -0.579 -0.630981
-0.428 -0.586 -0.61792
-0.458 -0.564 -0.632202
-0.485 -0.544 -0.644775
-0.478 -0.544 -0.622437
-0.491 -0.524 -0.643311
-0.502 -0.543 -0.596436
-0.52 -0.523 -0.614624
-0.489 -0.527 -0.56897
-0.532 -0.517 -0.597412
-0.533 -0.468 -0.609741
-0.542 -0.489 -0.592285
-0.569 -0.475 -0.612183
-0.564 -0.482 -0.592041
-0.596 -0.448 -0.620605
-0.606 -0.417 -0.624878
-0.629 -0.406 -0.654907
-0.644 -0.438 -0.6073
-0.662 -0.397 -0.650757
-0.664 -0.405 -0.636841
-0.667 -0.399 -0.610229
-0.69 -0.4 -0.609741
-0.717 -0.346 -0.654785
-0.712 -0.381 -0.584595
-0.721 -0.334 -0.656616
-0.739 -0.333 -0.64209
-0.699 -0.382 -0.600464
-0.701 -0.391 -0.608643
-0.694 -0.41 -0.60791
-0.685 -0.413 -0.613037
-0.651 -0.401 -0.635498
-0.628 -0.427 -0.599609
-0.606 -0.442 -0.595947
-0.611 -0.435 -0.6427
-0.613 -0.448 -0.616455
-0.557 -0.477 -0.578613
-0.552 -0.471 -0.598755
-0.545 -0.496 -0.593506
-0.555 -0.481 -0.607788
-0.526 -0.505 -0.602051
-0.508 -0.54 -0.549683
-0.519 -0.511 -0.615967
-0.507 -0.52 -0.616699
-0.497 -0.514 -0.631592
-0.468 -0.541 -0.595215
-0.466 -0.518 -0.626343
-0.463 -0.547 -0.625
-0.439 -0.572 -0.586792
-0.414 -0.593 -0.584961
-0.415 -0.582 -0.589722
-0.414 -0.586 -0.601074
-0.412 -0.595 -0.608154
-0.369 -0.629 -0.560181
-0.385 -0.611 -0.624756
-0.348 -0.637 -0.575684
-0.349 -0.649 -0.618042
-0.315 -0.677 -0.552979
-0.293 -0.685 -0.552612
-0.298 -0.686 -0.577393
-0.304 -0.695 -0.59082
-0.291 -0.712 -0.598389
-0.261 -0.717 -0.556885
-0.284 -0.707 -0.610596
-0.257 -0.736 -0.574463
-0.253 -0.751 -0.597412
-0.253 -0.751 -0.59436
-0.222 -0.761 -0.585693
-0.211 -0.767 -0.591553
-0.206 -0.771 -0.592773
-0.167 -0.792 -0.561401
-0.181 -0.804 -0.591064
-0.171 -0.811 -0.587769
-0.179 -0.824 -0.625
-0.124 -0.838 -0.579346
-0.137 -0.833 -0.598755
-0.135 -0.824 -0.596802
-0.131 -0.831 -0.594604
-0.163 -0.835 -0.59668
-0.177 -0.819 -0.600098
-0.194 -0.807 -0.605347
-0.227 -0.784 -0.628174
-0.231 -0.766 -0.624268
-0.224 -0.78 -0.595825
-0.227 -0.755 -0.584351
-0.254 -0.741 -0.615723
-0.266 -0.734 -0.604614
-0.267 -0.739 -0.59729
-0.28 -0.722 -0.598022
-0.289 -0.719 -0.589722
-0.312 -0.704 -0.593872
-0.307 -0.704 -0.580811
-0.3 -0.686 -0.561523
-0.332 -0.679 -0.58252
-0.351 -0.649 -0.600098
-0.353 -0.663 -0.579224
-0.373 -0.655 -0.583008
-0.391 -0.622 -0.606934
-0.421 -0.606 -0.620605
