-0.38472 -0.62283 0
-0.377 -0.592 -0.0157922
-0.374 -0.615 0.000687256
-0.334 -0.645 0.0720984
-0.318 -0.658 0.107865
-0.285 -0.688 0.156937
-0.217 -0.719 0.256913
-0.14 -0.738 0.383866
-0.115 -0.753 0.435013
-0.087 -0.751 0.488724
-0.025 -0.751 0.571366
0.024 -0.751 0.660844
0.061 -0.763 0.705887
0.086 -0.76 0.760819
0.162 -0.75 0.872147
0.179 -0.743 0.906205
0.248 -0.732 1.00899
0.278 -0.722 1.06062
0.315 -0.69 1.12911
0.361 -0.672 1.20174
0.406 -0.642 1.27034
0.445 -0.609 1.35982
0.492 -0.595 1.43123
0.492 -0.563 1.5013
0.532 -0.533 1.55501
0.553 -0.504 1.63191
0.619 -0.427 1.77229
0.595 -0.422 1.78694
0.588 -0.456 1.72871
0.575 -0.473 1.67085
0.559 -0.509 1.61079
0.521 -0.544 1.53035
0.492 -0.571 1.47957
0.463 -0.625 1.38301
0.423 -0.63 1.31441
0.39 -0.656 1.25337
0.357 -0.68 1.1761
0.275 -0.726 1.07539
0.263 -0.732 1.02815
0.217 -0.743 0.975663
0.151 -0.762 0.865189
0.127 -0.752 0.845902
0.068 -0.774 0.750687
0.044 -0.779 0.695756
-0.012 -0.772 0.628617
-0.059 -0.762 0.539261
-0.094 -0.753 0.479691
-0.146 -0.729 0.395951
-0.176 -0.746 0.340043
-0.262 -0.711 0.226029
-0.318 -0.669 0.121537
-0.334 -0.666 0.0908972
-0.376 -0.625 0.0251013
-0.427 -0.579 -0.0520471
-0.471 -0.568 -0.123458
-0.493 -0.534 -0.191329
-0.524 -0.447 -0.314987
-0.565 -0.415 -0.405441
-0.568 -0.399 -0.451095
-0.594 -0.348 -0.52153
-0.599 -0.309 -0.591232
-0.621 -0.259 -0.663986
-0.625 -0.205 -0.749923
-0.634 -0.171 -0.799362
-0.636 -0.112 -0.879928
-0.637 -0.066 -0.944381
-0.634 -0.039 -0.98735
-0.627 0.017 -1.08134
-0.614 0.055 -1.15227
-0.595 0.102 -1.20854
-0.592 0.125 -1.27666
-0.576 0.191 -1.35844
-0.563 0.225 -1.41692
-0.516 0.283 -1.52629
-0.502 0.292 -1.58293
-0.462 0.339 -1.62895
-0.379 0.421 -1.83598
-0.373 0.407 -1.79851
-0.386 0.394 -1.79692
-0.435 0.361 -1.7083
-0.469 0.339 -1.6331
-0.488 0.298 -1.56059
-0.523 0.293 -1.52055
-0.569 0.224 -1.4185
-0.586 0.181 -1.33403
-0.595 0.153 -1.29069
-0.613 0.117 -1.23845
-0.633 0.06 -1.15385
-0.629 -0.027 -1.03484
-0.64 -0.029 -1.00969
-0.642 -0.067 -0.957321
-0.635 -0.145 -0.845748
-0.634 -0.185 -0.780074
-0.64 -0.225 -0.715743
-0.637 -0.26 -0.655074
-0.594 -0.302 -0.580612
-0.591 -0.359 -0.50151
-0.571 -0.4 -0.431686
-0.573 -0.425 -0.388595
-0.518 -0.492 -0.270309
-0.503 -0.505 -0.229904
